12800
12800
12800
3200
6400
12800
3200
12800
12800
6400
12800
12800
6400
6400
6400
6400
6400
6400
6400
6400
12800
1600
3200
100
12800
12800
12800
3200
16000
22400
12800
3200
6400
6400
6400
1600
1600
6400
6400
6400
1600
1600
1600
6400
1600
6400
6400
6400
6400
1600
1600
1600
1600
1600
1600
1600
1600
1600
1600
1600
1600
6400
6400
6400
6400
6400
6400
6400
6400
6400
20000
800
100
6400
1600
100
3200
6400
15600
3200
3200
2000
2000
100
2000
2000
2000
2000
2000
2000
2000
2000
2000
2000
2000
2000
2000
2000
2000
2000
2000
2000
2000
2000
2000
2000
2000
2000
100
3200
12800
12800
12800
12800
12800
12800
12800
12800
12800
12800
12800
12800
12800
12800
12800
12800
12800
12800
12800
12800
12800
12800
12800
12800
12800
12800
12800
12800
12800
2000
2000
2000
2000
2000
2000
2000
2000
2000
2000
2000
6400
2000
2000
2000
2000
2000
2000
2000
2000
2000
2000
2000
2000
12800
12800
12800
2000
2000
2000
2000
12800
2000
2000
2000
2000
2000
2000
2000
12800
12800
12800
12800
12800
2000
2000
2000
2000
2000
2000
2000
2000
2000
2000
2000
2000
2000
2000
2000
2000
2000
2000
2000
2000
2000
2000
2000
2000
1600
3200
12800
4800
3200
3200
3200
3200
12800
12800
12800
12800
12800
12800
12800
12800
12800
12800
12800
12800
12800
12800
12800
12800
1600
12800
12800
12800
12800
100
1600
19200
19200
19200
12800
12800
12800
12800
12800
12800
12800
12800
12800
12800
12800
12800
12800
12800
12800
12800
12800
12800
12800
12800
12800
12800
12800
12800
12800
12800
12800
12800
12800
12800
12800
12800
12800
12800
12800
12800
12800
12800
12800
12800
12800
12800
12800
12800
12800
12800
12800
12800
12800
12800
12800
12800
12800
12800
12800
12800
12800
12800
800
800
800
12800
12800
12800
12800
12800
12800
800
800
12800
12800
12800
12800
12800
12800
12800
12800
12800
12800
12800
12800
12800
12800
12800
12800
12800
12800
12800
12800
12800
12800
12800
12800
12800
12800
12800
12800
12800
12800
12800
12800
800
800
12800
12800
12800
12800
12800
12800
12800
12800
12800
12800
12800
12800
12800
12800
12800
12800
12800
12800
12800
12800
12800
12800
12800
12800
100
12800
12800
12800
12800
2000
2000
2000
2000
2000
2000
2000
2000
2000
2000
2000
20000
6400
6400
6400
6400
6400
6400
6400
6400
6400
6400
6400
6400
6400
6400
6400
6400
6400
6400
6400
6400
6400
6400
6400
6400
6400
6400
6400
6400
6400
100
100
100
100
100
100
100
100
100
100
100
100
100
100
100
100
100
100
100
100
100
100
100
100
100
100
100
100
100
100
100
100
100
100
100
100
100
100
100
100
100
100
100
100
100
100
100
100
800
100
100
3200
15600
6400
12800
800
800
3200
6400
6400
3200
3200
3200
3200
3200
3200
3200
3200
3200
3200
3200
6400
6400
6400
6400
6400
6400
100
100
6400
6400
400
400
400
400
400
400
400
400
400
400
6400
100
6400
6400
400
400
400
400
400
400
400
400
400
400
400
400
400
400
400
400
400
400
400
400
400
400
400
400
400
400
6400
6400
400
400
400
400
400
400
6400
6400
6400
6400
6400
6400
6400
6400
6400
6400
6400
6400
6400
6400
6400
6400
800
800
800
800
800
800
6400
6400
6400
6400
6400
6400
6400
6400
6400
6400
6400
6400
6400
6400
6400
400
400
400
400
400
400
100
400
400
400
400
3200
6400
6400
100
400
400
400
400
400
400
100
6400
3200
12800
3200
2400
3200
2400
12800
400
6400
3200
200
100
100
100
400
400
3200
400
600
800
800
1600
400
1600
400
400
400
2400
1200
1200
800
1600
3200
3200
3200
3200
3200
3200
3200
3200
12000
12800
100
6400
6400
3200
3200
3200
3200
1600
1600
800
1600
3200
3200
2400
2400
3200
3200
3200
3200
3200
3200
3200
800
1600
800
5000
12800
800
3200
400
400
6400
100
100
100
100
3200
600
400
400
400
400
400
400
400
400
400
400
400
3200
400
400
400
400
3200
100
100
3200
3200
3200
400
100
6400
6400
6400
6400
9600
3200
100
3200
9600
1600
700
12800
3200
700
12800
20000
3200
6400
700
10000
100
1600
100
700
19200
12800
100
1600
400
400
400
400
12800
12800
100
700
700
100
100
100
12800
100
9600
12800
700
12000
3200
100
12800
100
400
400
400
400
400
400
3200
100
6400
100
100
100
100
100
100
3200
3200
6400
1600
1600
1600
1600
1600
1600
1600
1600
3200
3200
3200
3200
3200
3200
10400
1600
100
400
400
400
400
400
400
400
400
3200
6400
100
3200
3200
6400
3200
100
100
100
100
100
100
3200
400
400
400
200
3200
1600
6400
100
100
12800
3200
1600
800
400
1600
3200
3200
3200
3200
3200
3200
3200
1600
1600
24000
1600
12800
100
3200
14800
100
100
100
100
1600
9600
9600
9600
100
100
100
100
100
100
100
100
100
100
100
100
100
100
100
100
100
100
100
100
100
100
100
100
100
100
100
100
20000
20000
20000
20000
20000
20000
100
9600
20000
20000
20000
20000
400
400
400
100
100
100
100
400
400
3200
3200
1600
1600
1600
20000
20000
20000
20000
20000
20000
1600
1600
1600
400
1600
1600
1600
1600
1600
3200
1600
1600
100
1600
8000
3200
3200
1600
1600
8000
3200
3200
3200
8000
3200
9600
9600
9600
12800
12800
12800
800
12800
12800
12800
12800
12800
12800
12800
12800
12800
12800
12800
12800
12800
12800
12800
800
800
3200
12800
12800
100
100
100
100
100
800
5000
3200
3200
400
22000
3200
6400
6400
6400
6400
6400
6400
200
6400
100
400
400
400
400
3200
100
100
100
5300
1600
3200
800
3200
100
100
400
5300
3200
100
12800
100
100
12800
6400
3200
1600
3200
6400
2400
2400
3200
3200
6400
3200
2800
3200
100
100
3200
400
800
16000
400
400
400
400
400
14400
400
12800
6400
6400
6400
6400
100
24000
1600
2800
2800
2800
2800
12000
14400
400
400
400
12800
6400
6400
6400
6400
6400
6400
6400
6400
6400
6400
6400
6400
6400
100
400
400
400
400
400
400
400
400
400
400
1600
6400
3200
100
3200
1600
2800
400
400
400
12800
12800
12800
12800
12800
2800
2800
12800
12800
400
12800
12800
400
400
400
4800
2800
2800
2800
1600
700
12800
100
100
100
100
100
3200
3200
600
700
800
100
12000
12800
12800
12800
12800
12800
12800
12000
3200
3200
3200
3200
3200
3200
3200
3200
3200
400
400
400
12000
6400
3200
6400
3200
3200
6400
6400
6400
3200
12800
12800
12800
12800
12800
800
2100
3200
3200
12800
12800
12800
12800
200
2000
3200
100
100
100
3200
100
100
100
6400
3200
12800
2100
400
6400
6400
1000
9600
2100
16000
800
800
3200
100
100
100
100
2100
2100
3200
2100
2100
3200
6400
800
5200
800
800
12800
8000
6400
6400
100
1500
1500
6400
