3951837
8803837
9422431
6957425
3165147
8900307
8736579
8914843
2907927
6920460
6575590
6302780
3323876
7208157
2866782
5954576
5518662
4902514
8407593
6800590
7713284
7047958
7391068
2946342
7643234
2789374
8161627
5045862
6542459
4361739
4842122
5812473
2274084
7045156
4616243
7165458
5330411
3664632
9782041
9731775
1738222
3049972
5509694
3649795
5284595
3114153
4238884
7878806
6778302
7308589
7534134
5639781
2979875
8833946
5996976
6477789
2155400
3409344
3514499
9740517
3584691
9431119
4495441
3501661
9837829
6135696
9197064
7439180
5216287
8967604
1834389
3887784
7795412
7289947
5446022
7816130
4461093
8108948
5075577
8593387
4727722
5401056
7084791
7684606
1033830
9052473
8351196
3183086
5086362
8289312
3957559
6552753
5763156
6256373
2136162
3191676
5928294
9521853
8661192
1094742
3132924
8867932
3451413
3862275
4851804
6091532
2356070
4189629
1928612
3087866
6279671
1161230
3314762
2012586
9678659
4089214
6597867
5211050
1376554
1807831
2881923
4624500
8205379
3998203
9688650
2319913
5770255
3560128
1466965
9738388
1934430
5748594
4114768
1825721
9899363
3345987
5601317
6308621
2636376
1432725
8688727
8881278
3642281
3932426
8479453
6984359
6610498
1910280
6649087
4593447
8503866
9494313
3477192
1264162
6673336
2060064
1897799
3578796
6011608
7562785
9680711
5195934
3078074
6364139
9458274
5073690
2891145
9675775
2728293
2118810
1830046
3192290
8508034
5083382
6988527
6829298
3234769
2142346
6611878
2053250
8119632
2213439
9924002
8655590
6869266
3817074
7308572
6081363
6464180
5861917
2218134
6903348
8373075
5789701
3871096
2935495
5871976
6490454
3875094
5383891
2306450
8761406
3578637
8155725
7435531
9765895
2041852
9879849
4580858
8929648
9316585
9024451
7626283
3293282
4822122
6750952
5849680
6313834
5092280
4844731
9380877
2555232
9856811
3464547
6493333
8043474
9578564
9341357
9145599
1098704
5776034
7949768
8040211
1169386
9290756
7175285
4211290
5435957
4761541
9197956
3094100
5312115
7551450
4510421
9831820
2528384
8806577
8506166
9267007
5593468
4011791
1661365
2678001
8056688
3090361
6380007
1385647
1105063
7738421
5449984
4766992
3471124
5225515
3215527
2310568
7338850
1445570
4643323
8080320
4223091
6164182
7885031
6557704
4405080
3555124
9422567
7746716
9203974
2571207
3958952
2122162
8006254
8628072
7031582
8381645
9716081
3009034
7885491
6112533
2236993
6853541
7248510
2361883
5825254
7865351
4411013
5802217
2721550
3952571
4493472
1686836
8377895
7560459
4844817
7537694
4636319
7358933
1794841
1694449
3295045
7819939
2704975
8283260
3819691
6153812
9714157
8345757
1647288
8751678
1801356
5377448
3626848
2028921
8730086
8526677
2070747
6997462
8413255
2379935
4667253
9980325
4383341
8526544
3067174
7224642
6961009
4536193
7338381
3808516
8072988
2675706
3148754
1503583
7670980
5647664
9000948
2683410
2468043
9633128
6576716
9894996
7835628
4227278
1084036
7811396
3423180
5574139
7181628
8960980
3513025
8994651
4658433
6407466
1175758
9990220
4774112
8048993
7176174
5404285
7707641
4011147
4276993
9737322
3914615
5097439
5136091
7359865
2736931
7005982
7415848
6570511
5956777
4624596
4276303
9762859
9121369
7762084
4648092
8332070
8915927
1332480
4565413
8417633
9105121
5798979
9793384
5502967
9641596
4088627
9532461
1091278
1383362
1208662
1953366
8398187
7326614
3838856
3345643
5285529
9140532
9321974
6579054
7028214
5258729
8824031
7072728
3752743
4052560
7147561
3997253
6361911
1246773
5709961
4849025
9539581
4147529
9202648
6915658
6557012
9558964
7500167
8015915
4986541
7487347
6517918
6500314
3740603
3882738
5243374
9261403
1988534
9154390
3398515
2904657
9099964
8476160
2879035
2229129
6560323
8389225
7717278
2663886
6804885
7316796
1275061
7712231
7925864
7020406
5986917
1249655
3095236
2391097
9479398
2712496
8187424
6517182
8133650
6051366
8376533
8912336
7107304
5958552
8737733
7789340
2139907
2717980
8376821
9272327
5838986
9835756
5304300
8236709
3955598
2981874
4830603
6246825
9723937
5645639
5563881
5671871
8997369
7142669
8860430
2030381
9103932
9996147
1331240
6625322
6165102
2476690
1816975
2589404
5904181
2390717
3852187
8883152
7836955
3619341
4654399
7953085
1194377
9689352
4643084
8849999
2886341
5621905
1488612
7205783
9467822
8482511
3987131
8416457
8477573
3701715
1873633
4606941
7620963
2972419
6319889
1191344
6937882
2790135
4072264
5859934
7346267
5739493
5971030
5074279
1499130
9125023
2749204
9364140
1564734
7471411
1917571
2625717
1665906
5539951
4948271
9751007
4135564
4336564
1872873
7462966
5626145
3785222
4033304
4146140
1419100
8009440
5637186
3112397
7936426
7874304
7451557
7480758
5837686
4311611
2658640
1360437
5834506
2316033
4613315
1918558
9974084
1341367
3834118
9574511
3970886
1298005
6675578
1926577
3065222
5005357
1749996
1055217
2881575
9565052
8451261
1699576
7821117
4888202
9817982
8430945
3607125
2789694
4535735
4415710
2424914
1790801
7777186
7230855
3095660
7222786
9178311
2352420
9709695
5850552
6732738
8462750
7310915
1667021
2560225
1202391
2253109
4826516
7005569
7234372
3154732
2886383
5101719
4039305
1097504
7786856
6579643
4594564
5541347
6458115
9450350
3722088
2071446
8609722
9394412
9088053
6815730
4600870
6097925
6588183
2331249
6787311
6840807
6637787
4484919
8772438
7619055
2502300
3882512
5991158
5906828
7750503
8869766
7097347
1731025
8329236
8223630
4706788
3352377
4680273
3689817
9499960
3852713
7716882
9384952
3824184
2720075
3957674
7900677
9528870
7269246
6441453
7238125
1489000
5311574
2048509
2447207
2954501
7669184
7534573
9834975
8647842
7100357
4515083
3290150
7412943
6988119
2235265
4341346
2104450
3512479
6947059
9351081
4429780
4363947
1050176
3115578
3074254
4350438
9418949
7235834
4470576
2922629
6345026
9260714
1022844
8043995
1079767
7984139
1835545
2906837
9148181
4102733
9606859
7880501
5379226
4187777
2703601
3813277
2507297
5897103
1454988
5812633
8898538
7683683
2363951
3074614
6421843
1889624
3668090
9023529
7017679
6671618
6390737
6728370
8851127
6250873
4098936
2915811
6594701
8053958
4050870
9894652
6587342
9325195
3272053
1919709
3865571
3301821
8844153
1062483
9453648
1902064
8468759
9498377
4015191
8377672
1220951
8507536
3577892
5906704
8101306
4304106
3707450
2815494
4068729
6504351
3418963
2012334
3638510
2431073
5448806
7227755
8913199
1855975
1096899
9877927
7396480
2847772
2327618
9868636
1484220
7303244
8884217
7412923
9335161
3200086
9030360
1070190
5974079
6401478
5588966
3161879
2943159
3445765
7317758
7478570
4592710
8170680
9342518
5765619
9190230
9250057
5363178
8859232
3427231
2761979
8654574
5542124
9616128
3760848
8502754
7197668
5894863
3491858
3649438
9163747
1094866
4364876
4561328
7578299
3095753
1897628
7313459
3526598
9418255
4775615
8732580
4552572
5756892
6453565
4504193
5311256
5161579
3252542
9331697
7712843
1469517
1693704
2203562
9693409
5389894
8414035
6100163
9653023
6438584
5254576
6394871
4170764
8009001
3938682
4217772
2606803
5794523
7365331
9111413
8670417
1826755
2086485
6034593
2211510
3463767
3575939
7264440
2331243
8233963
7928745
2219672
2240677
9521543
4277299
1231485
1951366
5183476
2685194
5883948
6305278
5155704
3422584
3230652
1515223
8118321
3194846
4820413
3073157
2714132
1511186
2119440
5851930
5445345
4526088
2891826
7548719
9210285
8024250
9298080
9923973
8462498
9489409
7663881
4551425
5502178
7659460
8147530
7721155
1825795
2264176
9242182
2745307
6892500
1594248
9090109
3158595
6639784
5643341
2650980
7584184
6517414
5158995
8006929
9717756
7426314
8484470
6888804
9528595
5869274
1884346
1134278
2470796
6281824
7755820
8029569
6843786
9915948
9428976
3679297
1508531
3239644
8181140
6973584
1881845
4864198
4237705
5879292
2912654
3601084
6103577
7825343
2144792
7031578
5590985
7272447
3968787
3952453
2888786
3409882
7110806
6165083
7778685
2827420
9251657
3884659
9999974
1590774
7464955
3117177
5660942
2962582
3788684
5423623
3250221
8437149
8587895
1292866
6370940
7325837
7981205
7459303
8154705
1462312
9437062
3163695
1240295
6704416
2100270
5970175
8241274
2775879
1329732
6850167
9013992
2383347
4310518
1199582
2463827
7210647
7890784
9159000
1657738
5402625
8985673
3229722
2306943
8325787
3177840
9344235
5663059
6834038
3634939
6879111
2305023
8477184
6993612
2894721
7214047
8470660
1230415
5571680
8486369
6128802
6499269
8475380
8929714
1845845
1581491
1565146
4161088
5415830
2112452
6631608
6376853
2751664
6185375
7385246
7563624
1728796
3921248
1640794
3044968
8729214
5504793
5596775
7451407
6941293
5438855
2261033
6532955
3727574
6717491
5613641
4836167
2010589
4447684
1268256
9503554
8383522
7256201
9516902
6456917
9759506
5384696
4201866
8716004
8760188
2176505
6435233
5208808
5419347
3239376
3409171
7988337
5867717
4402562
1215390
9513829
2344443
1306498
3758224
9238526
9095365
9471805
7224206
5317904
2597995
9997513
5146947
8560109
3140632
4182420
1446831
9484164
1806450
9066657
7944971
4891230
9762207
3723759
9602776
3188474
3235372
5164865
6090951
7647969
5366477
6753302
3535891
2417838
2773943
5318829
9550096
1631459
9264317
6569425
5333439
8873676
8052266
3179384
3411931
1758340
9847871
2587307
9268777
2846466
7626424
2499669
9258406
4363492
2561275
3814777
6202504
9777839
7817213
7881419
9629790
7408163
5859779
8693109
5463905
7848754
9067089
3834997
4234177
4129618
2393153
4454180
4858607
5126657
8343653
2649085
2555744
3662133
7558806
8413672
2911019
1206380
4859364
6765290
9600588
8873292
3584957
9488591
2874705
6428114
6653715
7487787
5952957
3027775
7441388
1431185
5922617
3864412
1655402
7998559
9868843
9022656
8865073
9775542
7185247
4850394
6629799
9507295
9175090
8050930
3913546
6198220
1487858
8159202
1231380
7947773
8997777
4069761
3867922
8410211
1148345
7552729
4067879
7038292
2625407
8306212
1310026
9096629
7749828
2038056
5451771
4433929
7826846
6783642
7867157
1812195
9985275
8294576
1533480
1119848
3005799
3668966
1942231
9987707
7571408
1915604
4937656
8061704
4273320
2377431
5074198
2415412
6705301
1875186
2009622
2091409
6073767
7492786
5437267
9432279
6248948
1807248
8963271
7634388
7031301
6395289
2595319
8382185
5488611
7436004
8364162
4250690
5124003
8528551
7828767
8663394
2792346
9381380
7411678
9416631
8064097
6862031
3694374
4976502
1065434
1584540
1682000
5608278
1608953
7027639
6842586
1143752
5223096
9185677
3264622
3419935
1615109
8871051
3902486
2656299
5974801
4323862
7173211
9665650
1195298
7796535
7297529
9251215
6393962
5423863
4438995
1792020
3390236
8061571
7273981
9135693
2183813
1693069
2881380
4752285
3696408
4926809
1381821
3672156
2056370
8096736
8147272
2102291
2692516
3189774
1537142
8210050
2745651
8454246
6831740
6127692
7942021
1975138
3252210
9306079
4746621
5468542
4574740
7178369
3731548
9575105
5603952
4395995
7692696
1730343
8442189
5338081
1130907
2889509
6979870
6476287
9245591
2959568
7645033
9318820
9097067
1639874
3381207
3091240
3501895
3444819
1188162
9918025
8903612
3071306
4421513
7697043
2718368
4294812
5315609
4695815
3957907
1679907
4456633
1168511
1742261
9757745
4266295
1616997
4441718
1162674
5516420
8170767
8657754
7555982
4853405
4916914
5767503
2991353
8680714
1753509
4013453
7137070
2124695
8076448
6364943
1439054
3579581
3035305
2708665
4100931
3016967
5820033
1841672
6840778
3668702
5025955
6055044
2231318
2225459
6586623
7121975
6970246
7210094
5822291
5481328
3001490
2484552
5017218
3748283
7176845
2528887
3488337
8598327
2314436
1706119
3631043
6164250
2436920
9633941
8486260
8293169
4214928
9083537
7546286
1980880
1390723
1918911
6947841
8391487
5360859
4831459
4228653
4424017
1246784
5256346
2477433
5107954
7798743
1248837
8607718
6348670
3247818
5637702
5587250
2864146
4027175
1978374
2100590
1242202
5362293
2361409
5875901
8911459
1455144
4291778
3937192
3661191
6872847
6315125
4325427
6663205
5148859
8004834
6216009
3447136
5987586
7867706
3418043
1423147
2327712
3988696
8071159
7500345
6030998
7764021
3212069
3524757
1809880
8843845
8127295
6560410
5893328
3093509
9728184
7512476
2827837
9598597
9831127
2741829
6001513
3845141
7667627
1359298
1238927
4402622
9601747
4080674
2269752
8713527
5180335
8962979
4770331
5744796
2384132
4032188
4454095
5765350
3012878
1711902
4064881
9082159
3713152
7829621
1997717
6423285
1336785
5208926
7971351
9793002
7180742
4888609
8265526
4134615
1519841
2687334
2428584
9945313
4073158
9065056
5816367
6327819
8522120
6700422
5264976
5777966
3270512
2791331
1928464
3501464
2521422
5986141
4853532
1443398
1065994
1216837
4664275
6707859
8024022
4316516
1468954
9002073
6025186
8388064
8757265
7256775
6880798
2973815
5274763
7134749
7721984
2633784
5309819
4129579
8891663
4542128
8465498
9378942
2468060
1161077
8704549
1851182
5627138
7489288
6691694
5587640
7749685
6350202
8245010
7290636
3726912
5200761
2219600
3176338
4826107
7129092
1118548
9020172
5579942
8431083
6848613
3952972
1328861
6614647
3443287
4271687
5641446
2537686
6631094
9854396
8203226
1677688
9255800
7753004
3440015
5688756
6834120
3968472
2893118
8321284
6028320
5660291
2524896
5696939
5287490
8941419
1014233
3386295
9337068
4785142
2004264
2091377
1788808
3640658
1619556
3792972
8621238
3751513
7288450
1455642
7956302
9716053
1163960
7653173
8194330
7949893
5655757
8649727
1926408
2952273
2433316
6844214
7560073
8827432
7409628
4570661
7951177
9305523
9744009
3543744
6948793
2599045
5050084
9084086
5456965
9136281
7159702
4780547
2385314
7641775
6152813
6163031
1213320
8004250
4254132
1991836
8991963
7606210
1216755
4293623
4003802
4190123
5127980
9737475
2524995
9083924
9486733
4088724
5706831
4608526
3038115
4356852
9151083
5809429
8295845
9397672
8594647
5625298
1052927
9958035
1554652
3013304
9627336
4055206
6422229
2119517
2212084
3597500
7903887
4771828
3893212
9830575
8325626
2086726
9041495
9938305
5178328
3557343
2084522
4927441
6166889
4856786
9731534
9035184
4410783
3611986
4079725
8159636
4095468
7864061
1793204
5818404
1536579
8158939
9095175
8800316
8983197
2824464
9812090
2117506
5674471
1751452
9253547
1820554
4485553
5862306
4102947
4861592
2284787
4126523
2588085
3291277
4441382
8627339
3225820
2038507
2391168
2781031
1701260
8252282
2643248
9844440
1502867
9365558
8374228
6225949
9917343
1606767
5583161
1295301
7326968
5317382
4488507
3381841
1619708
1455525
7675343
6489266
6634143
3989864
6496608
2418359
7857824
1676528
7077462
3532061
1714252
4765807
6089341
9695709
5634105
5533680
4669539
1475242
8549811
3627977
8251348
5047569
8916626
1066200
7569173
3843738
9129169
5688029
1182422
3528317
5115470
6943095
6568355
8432581
8409913
1735977
3401350
4336425
7170688
5204351
2396254
3072648
6288886
9226169
9655500
3053789
4144256
5026129
9801726
9554416
1809207
3740693
8609214
9387670
2890724
6995159
7785844
6682880
7760495
2056093
3082616
6637130
8355185
6444683
5745697
7092155
7472952
5031327
6476332
3578954
9548938
8579057
2076038
8261582
6463145
2336471
5143239
7866531
8198168
1321517
1243096
5135427
5848933
4730226
2115584
1646810
8189559
9789055
8552086
3519923
7301471
8639808
9119829
1345469
8582844
9238884
4626091
6367557
6702562
9238136
2533952
2364366
3063631
2446155
7018427
4360210
5221376
7731265
5200397
7912132
6038253
8634273
1081787
4854940
5817813
1178206
1102259
4277289
8209452
2480002
6409074
7812271
7350736
4637342
6474535
7263837
8481950
2861281
5314620
6166186
7371398
9678255
7981661
8635252
8769062
9813493
6299175
8179660
5116619
3899304
8719915
6107197
4379496
3637720
3093149
6147566
3809915
4918617
5600268
4172298
6591548
1875547
1143230
5935488
1376730
6216346
3400322
4918785
2836076
7806054
5524716
1940599
3375322
9933607
3086168
2125027
8639102
6473841
1993248
1208120
2815161
6149370
6367939
9268042
3369888
4589172
7969240
3107303
2725116
5475567
6223189
9949856
5425542
4406321
1100400
2802944
8855153
8559061
9623051
9131949
8791800
7506490
6044048
6864803
3277509
8379499
5405913
2377883
8170670
3980488
8482919
8157386
6588871
4807698
8486537
9695714
9653774
1021483
3067222
7121224
1646243
7746399
6249067
7928832
8939719
9378351
8849880
3360603
6152073
1153937
2667749
2479607
4840959
9139532
3256183
4786946
9764941
3010524
8463418
4351021
5242438
9516517
5077505
5849717
9462801
8366207
3897318
5670361
7738580
6416028
4340614
9268915
6635351
3303810
9359028
9675177
4089966
9404165
