25600
12800
400
400
200
400
400
400
400
400
400
400
400
400
400
400
400
400
400
400
400
400
400
400
400
400
400
400
400
400
400
400
12800
12800
3200
11200
200
800
400
12800
800
800
800
800
3200
12800
13600
800
12800
900
900
12800
3200
900
13600
13600
13600
13600
14400
12800
1600
1600
900
900
400
900
400
900
19200
800
800
900
900
6400
25600
12800
900
12800
12800
12800
12800
1600
12800
800
12800
12800
12000
200
12800
10400
1600
12800
800
800
6400
3200
3200
20000
3200
3200
1600
1600
200
200
1600
6400
400
400
400
6400
800
6400
6400
6400
6400
6400
6400
6400
6400
6400
6400
6400
6400
6400
6400
6400
6400
6400
6400
6400
6400
6400
6400
6400
6400
6400
6400
6400
6400
6400
6400
6400
6400
6400
6400
6400
6400
6400
6400
6400
3200
6400
6400
6400
6400
6400
6400
6400
6400
6400
6400
6400
6400
6400
6400
6400
6400
6400
6400
6400
6400
6400
6400
6400
6400
6400
6400
6400
6400
6400
6400
6400
6400
6400
6400
6400
6400
6400
6400
6400
6400
6400
6400
6400
6400
800
200
15600
6400
3200
2000
12800
3200
200
6400
3200
3200
3200
3200
3200
3200
3200
3200
3200
1600
12800
13600
13600
13600
13600
13600
12800
6400
200
800
800
15600
1600
15600
6000
6000
3200
13600
6000
6000
6400
3200
6400
4800
12800
12800
12800
12800
500
500
12800
500
500
800
800
6400
500
500
6400
3200
3200
3200
3200
3200
6400
6400
6400
6400
6400
6400
6400
6400
6400
6400
6400
6400
6400
6400
6400
3200
6400
6400
800
15600
15600
18000
3200
6400
6400
6400
6400
6400
6400
6400
6400
6400
6400
12800
12800
6400
12800
1600
6400
6400
6400
6400
6400
6400
6400
6400
6400
6400
6400
6400
6400
6400
4800
6400
6400
6400
400
1200
1200
6400
400
800
6400
6400
6400
6400
6400
12800
6400
12800
6400
6400
25600
6400
1600
12800
12800
6400
6400
1600
3200
12800
400
12800
3200
400
25600
800
6400
6400
6000
6400
6400
6400
800
800
2400
3200
200
200
600
600
800
800
1600
2400
2400
3200
6400
600
600
1200
3200
6400
6400
6400
1600
800
1600
2400
3200
1600
800
1600
2400
3200
1600
3200
1600
3200
3200
3200
3200
3200
3200
1200
1200
1200
800
1600
2400
3200
12800
1600
1600
6400
6400
1200
1200
3200
12800
6400
800
800
1600
1600
2400
6400
12000
800
1600
3200
3200
12800
3200
3200
6400
6000
6400
9600
2400
400
400
1600
400
9600
400
25600
800
800
800
800
800
600
800
600
800
800
600
6400
6400
6400
6400
9600
1600
400
6400
400
400
1600
6400
3200
9600
3200
1600
9600
200
3200
6400
1600
400
400
9600
6400
6400
6400
1200
25600
6400
800
3200
6400
6400
400
1600
1600
1600
400
5600
2400
2400
3200
3200
3200
3200
3200
3200
3200
3200
10000
2400
800
400
12800
12800
1600
400
400
400
400
6400
6400
3200
3200
22400
1600
1600
6400
22500
22500
3200
1600
1600
1600
1600
1600
1600
1600
6400
3200
1600
1600
4400
1600
11200
25600
25600
6400
400
6400
1600
1600
1600
1600
6400
13000
800
3200
10400
3200
3200
12800
800
14400
14400
6400
800
6400
1600
1600
800
25600
400
400
400
400
400
25600
25600
1600
12800
1600
25600
3200
800
800
800
800
800
800
800
800
800
800
800
800
12800
6400
6400
400
25600
25600
6400
6400
400
400
400
400
400
400
3200
3200
9600
9600
6400
400
12800
6400
6400
6400
1600
9600
3000
12800
3200
1600
19200
800
800
800
3200
1600
3200
3200
1000
6400
6400
1600
800
800
800
800
800
800
800
800
800
800
800
800
4800
3200
400
6400
6400
1600
1600
1600
1600
1600
1600
6400
12800
16000
3200
25600
1600
1600
3200
800
3200
1600
400
3200
1600
1600
12800
400
3200
19200
6400
1600
1600
3200
3200
8800
600
600
600
4800
1600
9600
3200
400
400
12800
6400
800
6400
3200
12800
12800
6400
3200
3200
6400
6400
6400
200
6400
12800
800
800
800
800
800
800
800
800
800
800
800
12800
3200
3200
3200
200
6400
4800
800
200
6400
4800
600
6400
600
3200
25600
800
3200
6400
3200
6400
400
3200
800
800
800
800
800
800
3200
400
3200
3200
14400
6400
12800
4800
400
400
800
800
400
400
400
200
4800
2000
1400
1600
1400
6400
800
800
800
800
800
800
800
800
800
800
800
800
800
3200
800
3200
3200
800
8800
3200
400
1600
400
3200
3200
3200
3200
3200
3200
3200
3200
800
3200
6400
6400
400
400
2800
6400
6400
3200
3200
2800
12800
2000
6400
3200
6400
800
3200
3200
5000
12800
1000
1600
200
200
3200
12000
3200
3200
200
200
3200
3200
3200
3200
12000
12800
5300
6400
12800
6400
3200
12800
6400
6400
6400
6400
12800
6400
200
400
400
400
6400
1600
2100
12800
6400
1600
1600
12800
3200
3200
12800
3200
3200
3200
12800
3200
1600
12800
6400
6400
25600
6400
12800
3200
3200
12800
6400
3200
12000
800
800
800
400
12800
800
6400
6400
800
12800
12800
12800
12800
12800
12800
800
800
800
800
12800
12800
3200
12800
12800
12800
6400
1600
1600
12800
12800
800
800
800
800
800
800
800
800
800
800
800
800
12800
2800
12800
2800
1600
12800
12800
2800
3200
800
800
800
800
12800
12800
6400
12800
2800
1600
3200
6400
6400
2800
1600
1600
1600
1600
4200
12000
400
8800
1600
1600
1600
1600
1600
400
3200
1600
1600
12000
2800
8800
600
6400
400
400
1600
2800
2800
2800
2800
400
400
400
6400
3200
1600
1600
1600
1600
1600
3200
3200
5000
25600
5000
9600
2800
2800
800
2800
2800
400
2100
600
3200
2100
6400
9600
400
400
800
3200
3200
800
3200
400
400
3200
3200
3200
3200
1600
3200
8800
8800
12800
400
3200
3200
3200
14400
3000
3200
200
6400
3200
3200
3200
800
800
4800
3200
3200
19200
8000
3200
800
19200
25600
19200
400
3200
400
25600
3200
19200
3200
3200
500
19200
25600
19200
2100
400
400
400
3200
3200
800
3200
1000
12800
19200
800
200
2100
19200
2100
2100
12800
800
8800
8800
6400
12800
6400
12800
400
400
800
12800
800
12800
800
19200
19200
2100
2100
2100
19200
2100
2100
2100
12800
12800
1600
6400
800
800
19200
3200
6400
3200
800
19200
6400
19200
19200
19200
19200
19200
19200
2100
19200
2100
19200
800
19200
12800
19200
2100
19200
19200
12800
25600
6400
800
6400
400
6400
25600
12800
19200
1600
25600
1600
6400
6400
6400
3200
6400
25600
6400
6400
12800
3200
25600
25600
25600
19200
19200
25600
25600
800
1600
1600
6400
12800
19200
25600
19200
25600
25600
19200
400
19200
400
400
12600
6400
12800
12600
3200
19200
19200
400
400
400
400
400
400
19200
2100
400
1500
1500
6400
1500
1500
1500
1500
1500
1500
1500
2100
