800
800
800
800
800
800
800
800
800
800
800
800
800
800
800
800
3200
6400
12800
25600
12800
12800
7200
3200
14400
6400
25600
86900
13000
51200
6400
6400
100
1600
12800
12800
6400
118800
8800
3200
3200
3200
3200
6400
6400
6400
6400
6400
6400
6400
6400
6400
6400
12800
100
6400
6400
6400
6400
6400
6400
100
6400
6400
12800
40100
40100
40100
40100
40100
40100
40100
40100
40100
40100
40100
40100
40100
40100
40100
6400
6400
6400
6400
12800
12800
13600
12800
800
12800
12800
12800
12800
12800
15600
6400
3200
3200
12800
3200
12800
12800
3200
12800
6400
51200
102400
102400
12800
12800
25600
3200
12800
12800
12800
6000
6000
6400
6400
12000
6400
6400
3200
3200
3200
12800
3200
12800
6400
12800
6400
12800
3200
3200
3200
3200
25600
6400
100
6400
6400
25600
3200
86900
1600
28800
115200
115200
115200
115200
115200
115200
115200
115200
115200
3200
1600
800
800
1600
1600
1600
1600
1600
1600
2400
2400
6400
3200
3200
1600
9600
6400
6400
6400
6400
6400
115200
115200
115200
115200
115200
115200
115200
115200
115200
115200
25600
6400
6400
400
3200
115200
115200
115200
115200
115200
115200
115200
115200
115200
115200
6400
6400
6400
12800
115200
115200
6400
6400
12800
12800
12800
12800
12800
6400
6400
6400
2400
2400
3200
3200
51200
115200
1600
96000
51200
6400
115200
115200
115200
115200
115200
115200
1600
1600
3600
3600
2800
22500
102400
9600
22400
22500
22500
115200
115200
115200
100
6400
76800
51200
6400
76800
6400
13600
76800
76800
6400
6400
3200
6400
6400
6400
6400
100
80000
6400
6400
6400
6400
6400
100
100
102400
400
100
100
100
100
6400
6400
6400
6400
6400
6400
25600
400
1600
100
6400
3200
6400
6400
6400
100
100
100
12800
6400
12800
12800
12800
12800
6400
6400
6400
6400
6400
6400
6400
6400
6400
25600
51200
6400
400
6400
3200
3200
6400
3200
3200
76800
3200
3200
6400
800
800
1600
1600
2400
2400
3200
3200
3200
10000
118800
118800
100
3200
118800
102400
115200
115200
115200
115200
115200
115200
115200
115200
115200
115200
115200
115200
3200
3200
3200
3200
3200
3200
3200
3200
3200
51200
2800
3200
3200
3200
3200
115200
115200
115200
115200
115200
115200
115200
115200
115200
115200
115200
115200
6400
115200
115200
100
3200
115200
115200
115200
115200
115200
115200
115200
115200
115200
115200
115200
115200
115200
115200
115200
115200
115200
6400
6400
3200
3200
25600
115200
115200
800
100
25600
25600
25600
3200
25600
25600
25600
25600
25600
25600
100
100
6400
100
100
3200
3200
12800
115200
25600
3200
3200
3200
3200
3200
100
3200
3200
100
12800
100
3200
115200
100
12800
6400
3200
100
12800
25600
12000
12000
400
12800
102400
12800
12000
12800
12800
25600
3200
2800
400
3200
6400
6400
25600
51200
12000
2800
3200
2800
3200
3200
6400
6400
6400
6400
6400
6400
6400
6400
6400
100
6400
6400
6400
6400
3200
900
6400
6400
6400
6400
6400
6400
64000
400
64000
120000
3200
3200
51200
3200
51200
100
51200
25600
25600
6400
3200
120000
6400
12800
12800
105600
19200
19200
19200
102400
2100
8000
6400
6400
6400
3200
8000
105600
51200
25600
51200
3200
100
12800
12800
25600
