51200
6400
3200
6400
121600
1600
1600
9600
51200
2100
1200
2800
25600
22400
1400
1600
1600
6400
6400
51200
3200
1600
6400
3200
6400
1600
12800
6400
6400
25600
6400
12800
12800
3200
1200
3200
1600
3200
12800
12800
6400
6400
6400
6400
6400
51200
51200
12800
2400
2400
3200
1600
1600
1600
64000
1200
12800
12800
51200
12800
51200
3200
3200
6400
12800
12800
12800
12800
6400
6400
3200
51200
51200
51200
6400
51200
51200
51200
12800
102400
51200
51200
51200
51200
51200
51200
51200
51200
51200
51200
51200
51200
43200
51200
51200
51200
51200
51200
51200
51200
51200
51200
51200
51200
51200
51200
51200
51200
51200
51200
51200
51200
12800
51200
1600
1600
3200
51200
51200
51200
51200
51200
51200
51200
51200
51200
51200
51200
51200
51200
51200
51200
51200
51200
51200
51200
51200
51200
51200
51200
51200
51200
51200
51200
51200
51200
51200
51200
51200
51200
51200
51200
51200
51200
51200
51200
51200
51200
51200
51200
51200
51200
51200
51200
51200
51200
51200
51200
51200
51200
51200
51200
51200
51200
51200
51200
51200
51200
51200
51200
51200
51200
51200
51200
51200
51200
51200
51200
51200
51200
51200
51200
51200
51200
51200
51200
51200
51200
51200
51200
51200
51200
51200
51200
51200
51200
51200
51200
51200
51200
51200
51200
3200
12800
12800
12800
12800
51200
51200
51200
51200
51200
51200
51200
51200
51200
51200
51200
51200
51200
51200
51200
51200
51200
51200
51200
51200
51200
1400
1400
51200
51200
51200
51200
51200
51200
51200
51200
51200
51200
51200
51200
51200
51200
51200
51200
51200
12800
51200
51200
51200
51200
51200
51200
51200
51200
51200
51200
51200
51200
51200
51200
51200
51200
51200
51200
51200
51200
51200
51200
51200
51200
51200
51200
51200
51200
51200
51200
51200
51200
51200
51200
51200
51200
51200
51200
51200
51200
51200
51200
51200
51200
51200
51200
51200
51200
51200
51200
51200
51200
51200
51200
51200
51200
51200
51200
51200
12800
51200
32000
51200
51200
51200
51200
51200
51200
51200
6400
51200
51200
51200
51200
51200
51200
51200
51200
51200
51200
51200
51200
51200
51200
51200
51200
51200
51200
51200
51200
51200
51200
51200
51200
51200
51200
51200
51200
51200
51200
51200
51200
51200
51200
51200
51200
51200
51200
51200
51200
51200
51200
51200
51200
51200
51200
51200
51200
51200
51200
51200
51200
51200
51200
51200
51200
51200
51200
51200
51200
51200
51200
51200
51200
51200
51200
51200
51200
51200
51200
51200
51200
51200
51200
51200
51200
51200
51200
51200
51200
51200
51200
51200
51200
51200
51200
51200
51200
51200
51200
51200
51200
51200
51200
51200
51200
51200
51200
51200
51200
51200
51200
51200
51200
51200
51200
51200
51200
51200
51200
51200
51200
51200
51200
51200
51200
51200
51200
51200
51200
51200
51200
51200
51200
51200
51200
51200
51200
51200
51200
51200
51200
51200
51200
51200
51200
51200
51200
51200
51200
51200
51200
51200
51200
51200
51200
51200
51200
51200
51200
51200
51200
51200
51200
51200
3200
51200
51200
51200
51200
51200
51200
51200
51200
51200
51200
51200
51200
51200
51200
51200
51200
51200
51200
51200
51200
51200
51200
51200
51200
51200
51200
51200
51200
25600
51200
51200
38400
51200
51200
51200
51200
51200
51200
51200
51200
51200
51200
51200
25600
51200
51200
51200
51200
51200
51200
51200
51200
51200
51200
51200
51200
51200
51200
51200
51200
51200
51200
51200
51200
51200
51200
51200
51200
25600
51200
51200
51200
51200
51200
1600
51200
51200
51200
51200
51200
51200
51200
51200
51200
51200
51200
51200
51200
51200
51200
51200
51200
51200
51200
51200
51200
51200
51200
51200
51200
51200
76800
2600
43200
102400
25600
51200
51200
51200
51200
51200
51200
3200
51200
51200
51200
51200
51200
3200
3100
3200
51200
51200
51200
51200
51200
51200
51200
51200
51200
6400
3100
51200
2600
51200
51200
51200
51200
51200
51200
51200
2600
32000
51200
51200
51200
51200
51200
51200
51200
51200
51200
51200
51200
3100
51200
51200
51200
51200
51200
51200
51200
51200
51200
51200
2600
3100
51200
51200
51200
51200
51200
51200
51200
51200
51200
3100
51200
51200
12000
12000
12000
51200
51200
51200
51200
51200
51200
51200
3200
3200
51200
51200
51200
51200
51200
51200
51200
51200
51200
3100
3100
51200
51200
51200
51200
51200
51200
51200
51200
51200
51200
51200
51200
3100
51200
51200
51200
51200
51200
51200
51200
51200
51200
8000
51200
51200
3100
51200
51200
51200
51200
51200
51200
51200
51200
51200
51200
51200
51200
51200
51200
51200
3100
51200
51200
51200
51200
51200
51200
51200
51200
51200
51200
51200
51200
51200
51200
51200
51200
3100
51200
51200
51200
51200
51200
3100
51200
51200
51200
51200
51200
51200
51200
51200
51200
3100
3100
3100
3100
3100
3100
3100
3100
3100
3100
3100
3100
3200
3100
1600
9600
1600
1600
1600
1600
1600
1600
1600
1600
1600
3100
1600
1600
25600
3200
8000
1600
1600
1600
1600
1600
1600
1600
1600
1600
40000
1600
12800
3200
1600
1600
40000
28000
1600
40000
1600
40000
118800
32000
12800
1600
12800
40000
40000
40000
40000
1600
40000
40000
40000
40000
40000
2600
40000
40000
2600
2600
1600
1600
3200
1600
1600
1600
1600
1600
1600
1600
2000
1600
1600
1600
1600
1600
1600
1600
1600
3200
1600
51200
12800
22000
1600
1600
1600
1600
1600
1600
102400
51200
1600
1600
1600
1600
1600
1600
1600
1600
1600
1600
1600
1600
1600
1600
1600
1600
1600
1600
1600
1600
1600
2600
1600
2600
1600
3200
1600
3200
1600
1600
3200
3200
1600
1600
3200
1600
1600
1600
1600
1600
1600
2700
2700
1600
1600
1600
1600
1600
1600
1600
1600
1600
3200
3200
3200
102400
51200
51200
51200
51200
51200
51200
51200
51200
51200
51200
3200
3200
1600
1600
25000
1600
6400
1600
1600
1600
48000
115200
1600
12800
115200
6400
6400
12800
25600
102400
3200
3200
3200
3200
4800
12800
2000
128000
3200
12500
3200
4000
3200
51200
14400
8000
8000
16000
1600
4800
1600
4800
4800
51200
1600
25600
1600
1600
64000
1600
44400
1600
1600
1600
1600
1600
1600
1600
4800
5200
1600
3200
1600
64000
14400
14400
1600
4800
51200
1600
1600
1600
1600
1600
1600
1600
1600
1600
1600
1600
1600
1600
1600
1600
1600
1600
1600
1600
1600
6400
25600
1600
6400
6400
3200
1600
1600
1600
6400
6400
6400
6400
1600
1600
1600
3200
3200
3200
3200
3200
3200
6400
1600
1600
1600
1600
1600
1600
1600
1600
1600
1600
1600
1600
1600
1600
1600
1600
1600
1600
1600
1600
1600
1600
1600
1600
1600
1600
1600
1600
1600
1600
1600
1600
51200
1600
1600
1600
1600
1600
1600
1600
1600
1600
1600
1600
1600
1600
1600
1600
1600
1600
1600
1600
1600
1600
1600
1600
1600
25600
25600
