6400
6400
25600
25600
1600
12800
1600
1600
1600
1600
1600
1600
1600
1600
1600
1600
1600
6400
6400
6400
1600
12800
12800
3200
8000
3200
12800
6400
51200
1600
1600
1600
86900
800
1600
800
25600
64000
64000
800
1200
12000
25600
64000
6400
64000
19400
12800
1200
800
64000
1600
25600
3200
3200
1600
6400
6400
6400
6400
1200
12800
6400
1600
1600
6400
1600
1600
6400
6400
6400
6400
6400
6400
6400
6400
6400
1600
1600
6400
6400
3200
51200
6400
6400
6400
6400
3200
3200
3200
3200
800
51200
6400
12800
12800
3200
3200
41600
51200
51200
51200
12800
6400
28800
4800
4800
6400
800
800
800
800
4800
3200
800
800
36800
36800
12800
1200
1200
1200
1200
1200
1200
1200
6400
1200
6400
1200
1200
1200
1200
1200
6400
1200
1200
1200
25600
4800
4800
6400
6400
6400
6400
6400
6400
1200
1200
1200
1200
1200
1200
1200
1200
1200
1200
1200
1200
1200
1200
25600
17000
60000
800
3200
3200
30000
1600
3100
800
1200
45000
6400
51200
6400
3100
3100
3100
3100
3100
3100
3100
3100
6000
3100
3100
3100
3100
3100
3100
3100
3100
3100
3100
3100
3100
3100
3100
3100
3100
3100
3100
3200
3200
51200
25600
600
6400
3100
3100
3100
3100
52800
1600
800
1200
3200
800
1600
2400
3200
800
1600
1200
1600
1600
3200
25600
3200
3200
800
1600
51200
3200
6400
800
800
1600
1600
1600
1600
1600
1600
1600
1600
1600
1600
1600
1600
3200
3200
3200
3200
51200
800
1600
2400
3200
12800
12800
6400
1600
6400
1600
1600
3200
6400
12800
900
900
900
1000
1000
1000
1000
3200
6400
25600
25600
1200
1600
1600
1600
1600
1600
1600
1600
1600
1600
1600
1200
800
800
800
800
6400
5000
800
1600
4800
1600
12800
1600
89600
1600
1600
38400
25600
12800
25600
6400
1600
38400
51200
6400
51200
51200
51200
51200
51200
1600
3200
12800
12800
38400
12800
38400
38400
6400
3200
800
6400
1600
1600
1600
14800
25600
12800
6400
6400
51200
6400
1600
1600
12800
51200
3200
1600
2400
800
800
3200
20000
3100
4800
3200
86900
3100
38400
12800
1600
1200
3100
3200
3200
1600
2400
3100
3100
3100
3100
3100
3100
3100
3100
3100
24000
24000
24000
24000
24000
24000
24000
24000
24000
24000
24000
24000
24000
24000
24000
24000
24000
24000
24000
3100
3100
3100
3100
6400
76800
3100
3100
3200
6400
6400
6400
6400
6400
6400
6400
6400
6400
6400
3100
6400
6400
6400
6400
3100
6400
3100
6400
6400
3100
9600
6400
6400
6400
6400
3200
19200
3100
6400
3200
6400
6400
6400
3100
6400
3100
6400
3100
6400
6400
6400
6400
6400
3100
6400
6400
6400
6400
6400
6400
25600
6400
4800
6400
12800
6400
6400
6400
6400
6400
6400
6400
6400
6400
6400
6400
6400
25600
6400
6400
6400
6400
6400
6400
6400
6400
6400
6400
6400
6400
6400
6400
6400
6400
6400
6400
6400
6400
6400
6400
800
6400
6400
3100
6400
1600
6400
40000
6400
6400
6400
6400
6400
6400
6400
6400
40000
12800
6400
51200
51200
6400
3100
32000
6400
6400
6400
3200
25600
6400
6400
6400
6400
6400
6400
6400
6400
6400
6400
6400
6400
6400
6400
6400
6400
6400
6400
6400
6400
6400
12800
6400
1600
6400
6400
6400
6400
6400
6400
51200
32000
6400
6400
3100
6400
3100
6400
51200
3100
6400
6400
51200
6400
6400
6400
3100
3100
6400
6400
6400
6400
6400
6400
6400
6400
6400
6400
6400
6400
6400
6400
6400
6400
51200
51200
6400
6400
6400
6400
3200
6400
51200
6400
3200
6400
6400
6400
6400
6400
6400
6400
6400
6400
6400
6400
6400
6400
12800
6400
6400
6400
6400
6400
6400
6400
6400
6400
6400
6400
6400
6400
6400
800
12800
6400
6400
6400
6400
6400
6400
6400
6400
6400
6400
6400
6400
6400
6400
6400
6400
6400
6400
6400
9600
6400
6400
6400
3200
6400
6400
6400
4800
6400
6400
6400
3200
6400
6400
6400
6400
6400
6400
6400
1600
6400
6400
6400
6400
6400
12800
12800
1600
900
6400
6400
6400
6400
6400
6400
6400
3200
6400
3200
3200
6400
1600
3200
6400
6400
3200
3200
3200
6400
3200
900
6400
6400
6400
6400
6400
6400
6400
6400
6400
6400
6400
6400
6400
3200
3200
6400
6400
6400
3100
3200
3100
3100
6400
6400
6400
6400
3100
3100
3100
3200
6400
6400
6400
6400
21000
6400
6400
25600
6400
12800
6400
3200
6400
2400
6400
6400
6400
6400
6400
6400
6400
6400
6400
6400
6400
6400
1600
3200
1600
6400
3200
6400
3200
6400
12800
6400
6400
6400
51200
6400
6400
32000
6400
6400
6400
6400
6400
6400
6400
6400
6400
25600
800
6400
6400
6400
6400
25600
7000
12800
12800
6400
4800
2800
6400
6400
1600
6400
6400
6400
51200
6400
6400
6400
14400
12500
800
4800
8000
14400
20000
16000
51200
1600
1600
3200
1600
25600
25600
6400
800
1600
1600
64000
6400
8000
12800
800
12800
32000
4800
4800
51200
3200
3200
3200
3200
1600
3200
3200
51200
3200
25600
3200
3200
6400
6400
6400
6400
6400
3200
6400
12000
6400
6400
6400
6400
3200
3200
6400
6400
6400
6400
6400
3200
6400
6400
6400
25600
6400
25600
3100
6400
3100
3100
3100
3100
3100
6400
800
6400
6400
6400
6400
3200
6400
6400
6400
6400
6400
6400
6400
6400
6400
9600
6400
3200
6400
6400
6400
3200
3200
6400
1600
9600
6400
6400
16000
64000
6400
3200
6400
6400
8000
6400
6400
6400
6400
6400
6400
6400
6400
6400
6400
6400
6400
6400
6400
6400
3100
3100
6400
800
3100
6400
6400
12000
6400
6400
6400
3100
3100
6400
3100
6400
6400
6400
6400
6400
6400
6400
6400
6400
6400
6400
3200
6400
6400
6400
6400
6400
6400
6400
6400
6400
6400
6400
6400
6400
6400
6400
12000
12000
6400
6400
6400
6400
6400
6400
6400
6400
6400
6400
6400
6400
6400
6400
6400
6400
6400
6400
6400
6400
6400
6400
6400
6400
6400
6400
6400
6400
6400
6400
12000
3200
3200
6400
6400
6400
800
6400
6400
6400
6400
6400
6400
6400
6400
25600
6400
6400
6400
6400
800
6400
6400
6400
6400
6400
6400
6400
6400
6400
6400
6400
6400
6400
6400
6400
6400
6400
6400
6400
6400
6400
6400
6400
6400
800
12800
3200
25600
6400
6400
9600
12800
25600
6400
6400
6400
6400
6400
6400
6400
6400
6400
6400
6400
6400
6400
6400
6400
6400
6400
6400
3200
6400
3200
6400
6400
6400
6400
6400
6400
6400
9600
12800
6400
6400
6400
6400
6400
6400
12800
6400
6400
50000
6400
6400
3200
6400
6400
6400
6400
6400
6400
6400
6400
6400
6400
6400
6400
6400
6400
6400
6400
6400
6400
6400
6400
6400
6400
6400
6400
6400
6400
6400
6400
6400
6400
6400
6400
12800
6400
6400
6400
6400
6400
6400
6400
6400
6400
6400
6400
6400
6400
6400
6400
6400
6400
6400
6400
6400
6400
6400
6400
6400
6400
6400
6400
6400
6400
6400
6400
6400
6400
6400
6400
6400
6400
6400
6400
6400
6400
6400
6400
6400
6400
6400
3200
24800
1600
6400
6400
25600
6400
6400
6400
6400
3100
50000
6400
3100
3100
3100
3100
6400
6400
19200
8000
3100
3200
6400
3100
3100
25600
3100
3100
3100
3100
3200
3200
12800
1500
1500
