800
1600
1600
1600
1600
1600
1600
1600
1600
1600
1600
1600
1600
1600
1600
1600
1600
1600
1600
1600
1600
1600
1600
1600
1600
400
6400
51200
800
1600
1600
12000
22400
22400
1200
1600
1600
1600
12000
51200
51200
800
51200
800
400
1600
1600
800
800
800
12800
12800
12800
12800
12800
12800
51200
12800
12800
12800
12800
12800
12800
12800
12800
12800
3200
2400
500
1600
700
12800
6400
32000
800
1600
6400
6400
6400
400
400
6400
800
3200
1600
700
15600
800
3200
3200
6400
3200
400
2000
6400
6400
6400
6400
51200
12800
1600
6400
6400
6400
6400
6400
6400
12800
1600
1600
12800
6400
12800
12800
6400
6400
3200
3200
1200
12800
1200
6400
4800
1200
1200
1200
1200
1200
1200
1200
1200
1200
1200
1200
1200
1200
1200
1200
1200
1200
6400
3200
3100
12800
3100
3100
3100
3100
12800
800
1600
1600
800
4800
3100
3100
3100
3100
6000
1200
1200
1600
1600
400
1200
1600
1600
1200
3200
3200
25400
12800
1200
1200
51200
25600
12800
12800
12800
400
1600
12800
25600
400
400
12800
12000
1600
2400
3200
4800
800
3200
12800
25600
2400
3200
25600
52000
25400
600
600
600
600
600
600
600
600
600
600
19200
800
5800
1600
800
800
51200
6400
800
51200
12800
800
1600
800
25600
800
700
700
1400
700
12800
51200
700
700
12800
12800
12800
6400
12800
6400
51200
51200
1600
1600
1600
51200
51200
51200
51200
25600
25600
25600
22400
38400
3200
800
12800
25600
51200
5000
400
400
6400
1600
1600
1600
1600
19200
3200
3200
400
25600
25600
51200
3200
3200
400
3200
25600
3200
51200
51200
9600
3200
51200
12800
3100
51200
3200
51200
3100
3100
3100
51200
4800
3200
400
2600
51200
51200
5000
51200
6400
12800
9600
9600
3200
2400
12800
12800
4800
12800
12800
12800
3100
3100
3100
3200
3200
3100
3100
3200
800
800
3100
3100
3200
51200
4800
4800
25600
25600
3200
25600
6400
3200
9600
3200
3200
51200
400
400
800
400
22400
51200
400
25600
12800
6400
1600
1600
3200
51200
51200
51200
51200
51200
3200
3100
3100
3100
3100
3100
51200
3200
6400
1600
3200
8800
3200
1600
700
1600
700
12800
12800
32000
12800
51200
51200
12800
400
1600
12800
2100
12800
25600
45000
51200
25600
25600
800
800
800
800
800
800
800
800
800
800
800
800
800
800
12800
12800
400
800
400
800
800
800
800
800
800
1600
25600
800
800
800
800
800
800
800
800
800
800
800
800
800
800
800
800
800
800
800
800
800
800
800
800
800
800
800
800
800
800
800
800
800
800
800
800
800
800
800
800
800
800
800
800
800
800
800
800
800
800
800
800
800
800
800
800
800
800
800
800
800
800
800
800
800
800
800
800
800
800
800
800
800
800
800
800
800
800
800
800
800
800
800
800
800
800
800
800
800
800
800
800
800
800
800
800
800
800
800
800
800
800
800
800
800
800
800
800
800
800
800
800
800
800
800
800
800
800
800
12000
800
800
51200
800
800
800
800
800
800
800
800
800
800
800
800
800
800
800
800
800
800
800
800
800
800
800
800
800
800
800
800
800
800
800
800
800
800
800
800
800
800
800
800
800
800
800
800
800
800
800
800
800
800
800
800
51200
800
800
800
800
800
800
800
800
800
800
800
800
800
800
800
800
800
800
800
800
800
800
800
800
800
800
800
800
800
800
800
800
800
800
800
800
800
800
800
800
800
800
800
800
800
800
800
800
800
800
800
800
800
800
800
800
800
800
800
800
800
800
800
800
800
800
800
800
800
800
800
800
800
800
800
800
800
800
800
800
800
800
800
800
800
800
800
800
800
800
800
800
800
800
6400
800
800
800
800
800
800
800
800
800
800
800
800
800
800
800
800
800
800
800
800
800
800
800
800
800
800
800
800
51200
800
800
800
800
800
800
800
800
800
800
800
800
800
800
800
800
800
800
800
800
800
800
800
800
800
800
800
800
800
800
800
800
800
800
800
800
800
800
800
800
800
800
800
800
800
800
800
800
800
800
800
800
3200
3200
800
800
51200
800
800
400
800
3200
6400
51200
51200
4800
4800
51200
5600
5600
3200
9600
3200
51200
3100
1600
1600
1600
1600
1600
1600
1600
1600
1600
3100
9600
3100
3100
3100
800
800
800
800
800
400
400
51200
25600
25600
1600
25600
1200
1600
19200
25600
3100
3100
3100
3100
3100
25600
25600
20000
5600
25600
25600
25600
25600
25600
25600
25600
25600
25600
25600
25600
5600
25600
25600
25600
3200
25600
25600
25600
25600
25600
2400
25600
25600
500
800
25600
25600
25600
25600
6400
6400
800
1600
25600
25600
25600
25600
25600
25600
1000
6400
6400
6400
6400
6400
6400
6400
6400
6400
6400
6400
800
25600
25600
25600
25600
25600
25600
2400
3200
1600
3200
12800
3100
3100
51200
3200
25600
25600
25600
25600
25600
25600
25600
25600
25600
25600
25600
6400
25600
3100
3200
3100
25600
3100
51200
25600
1600
25600
3200
51200
51200
51200
51200
51200
51200
51200
51200
51200
51200
51200
51200
51200
51200
51200
51200
6400
400
3100
3100
3100
4800
800
400
51200
6400
51200
3100
3200
3200
3100
3100
4800
51200
51200
1600
1500
1500
1500
1500
1500
1500
1500
1500
1500
1500
1500
1500
1500
1500
1500
1500
1500
1500
1500
1500
1500
1500
1500
1500
1500
1500
1500
1500
1500
1500
1500
