2296
3160
2708
3085
2173
2818
2964
2565
2956
2202
3161
3216
3364
2057
3183
3318
3075
3192
2460
2481
4124
2609
2607
2877
2669
2717
3487
2244
3166
3754
3401
2438
3945
2169
2073
3398
3931
2193
2881
3476
2175
3165
3230
3126
3687
2297
3814
2854
2270
2806
2910
2806
4079
2794
3088
3123
2811
4265
3652
2486
3129
2809
3447
2325
3952
2078
3751
3482
2460
2358
4051
3119
3144
3057
2685
3279
2339
4149
3066
2593
2497
3171
2724
2929
4158
3354
4001
3327
2388
3509
3214
1878
2747
2977
2304
3417
3901
2945
4674
2321
3121
3189
3125
3519
2375
2695
3140
3636
2585
2938
2786
3189
3565
3450
2038
3018
3095
4336
3617
2533
1939
2960
3729
4033
2407
3500
2684
3590
2898
2196
3030
2986
4399
2710
2189
3798
3700
3194
3108
3413
2766
2571
2172
2107
3523
3459
3152
3237
2791
2595
2171
3415
2961
2726
3472
2667
3996
3558
2450
4345
2416
2459
2068
2576
2592
3054
3028
2906
2902
2912
2892
3511
2469
2187
3726
3047
2437
3058
1228
2362
2481
1926
3760
2795
2827
2938
2253
2780
3719
3129
2995
3777
2812
3448
2931
1467
2657
2752
2855
2426
2195
2820
2925
4212
2299
3109
3995
3379
1998
3563
2916
3823
2275
2243
2537
3717
2038
3524
3405
2956
2235
2317
2608
3090
2664
2276
2783
4158
2218
3369
1872
2953
3765
2461
2571
3959
1877
2325
3400
3442
3568
2886
2468
1955
1074
2639
2695
2277
3189
2969
4051
2271
3299
3220
3563
3366
3983
4122
1995
3004
2760
2495
2917
3190
2973
2528
3107
2383
2903
3147
2622
4984
3338
3009
3038
1466
2872
3110
3265
3443
2660
2381
3265
2604
3139
3056
3748
2654
2833
2584
2736
3217
3701
3859
2518
2729
2898
4610
2727
3049
2663
1933
3420
2300
3159
2879
3755
2639
3044
3344
2939
3967
3857
2822
2489
3430
2592
2239
2482
3133
3595
3029
3415
3002
3064
2605
2739
2615
2689
3473
4171
3431
4245
2893
2448
3734
2675
1848
3249
2996
2844
2424
2880
3780
3379
2117
2928
2484
2383
3524
3946
3984
3361
2854
3092
3108
2714
2944
3421
2909
2288
3325
3464
3157
3903
3525
3997
3199
2817
3378
2669
2919
2564
2714
2654
2705
1879
2799
1709
2667
2702
2880
3021
3130
2775
3454
2417
3057
2990
3825
3016
2442
4076
1567
2997
2544
3355
3216
3170
2629
2594
3482
3493
3222
3001
3811
3561
2716
3247
2964
2095
1947
2925
3266
2761
2140
3689
3158
4363
2211
2826
2759
2862
2312
2961
2327
2918
3142
2949
3250
3475
3058
3309
3005
2899
2452
3167
3194
4027
2289
2011
2231
2610
3604
2008
2221
2404
3617
3569
4064
2935
2989
3997
3236
2693
2976
3725
2996
2707
3993
1341
3072
2790
2794
3473
1609
4213
2534
3430
2978
3091
2683
3452
2881
4188
2399
3190
2811
2290
3041
2906
3784
2867
3779
2461
2921
3215
4031
2740
2770
2892
2272
2733
3350
2535
2809
3024
2640
2708
1634
3635
3364
2915
3371
3684
3223
3107
2840
2781
1526
3700
3078
2679
2839
2189
3126
3560
3447
2109
3701
3471
4182
3439
3106
2260
3738
2942
3062
3484
3353
4026
3183
3267
3068
2987
2822
2620
3540
4059
2641
4349
3023
3835
2168
3701
2304
2506
3760
3084
3594
2793
2653
3055
3214
3497
2441
2399
3347
1941
2441
2562
3096
3910
2856
2701
3182
2775
1868
3122
1897
2999
2100
3216
3505
2704
3139
3615
4167
2708
3139
2724
2762
2801
3679
3174
3638
4034
4278
3221
3509
2242
3010
3065
2287
2952
2896
2911
2942
2690
3262
3235
3280
3854
2927
2803
3588
2980
3029
3137
3983
3468
2873
2887
1712
2812
3068
2278
2600
3112
4221
3943
3091
3442
3456
3597
3312
3349
3045
3067
3393
4241
3261
2906
3348
2062
2855
2493
2191
3056
4137
1601
2647
2520
2380
2677
2995
3380
2099
3710
2608
2588
2813
4110
2773
2830
2574
3212
3395
3455
2495
2689
2218
3112
3011
3947
3958
2952
3520
2830
3408
3006
2285
1789
2860
3650
3957
4387
2494
1893
1228
2626
4013
3565
2761
3461
2568
4105
3222
3631
2783
4222
3163
3791
2437
2840
2687
3329
3381
3626
2592
2519
2841
1663
2551
2402
3164
3072
2791
3636
3140
3231
4695
2516
3197
2940
3937
3936
3277
1557
3493
2599
2414
2637
2571
2765
2156
3177
2374
2560
2959
2390
2510
2407
3511
2509
3087
3158
2338
1977
3218
3480
1956
3007
2660
2722
3748
2382
2138
3042
3255
3736
2298
2275
2901
2521
3033
3579
1055
3545
2944
2624
2979
2841
3112
3533
3161
2808
2167
2543
3193
3237
2803
2287
2660
2425
2628
3590
3401
4064
3669
3217
4382
3628
2945
4033
3971
2354
2496
3360
3534
3339
3317
3184
3316
3281
3211
3097
4185
3165
3012
2654
3056
1951
2762
2364
3760
2998
3226
4153
3749
3027
3024
2158
2396
2446
3126
2453
3058
3079
3971
3258
3687
3275
2364
3017
3612
3210
1797
2852
2930
3596
4383
3590
3376
3134
3503
3070
3259
1786
3758
2498
3029
3940
3077
3393
2312
3364
4403
3527
2001
3143
3526
2046
3870
2323
2596
3514
2948
2494
3881
4474
3663
3785
3528
3003
1650
2957
3216
3352
2965
2828
2570
3470
1396
2772
2646
3358
3772
2757
2897
3808
4032
2265
3491
3155
2326
3105
3317
3669
2362
3922
3165
2923
2873
3307
3010
3309
3385
3387
3720
2387
2473
2628
3149
2876
2634
2793
2940
1654
2958
4171
3419
2898
2996
2106
3590
3063
2438
3802
3264
3083
2860
2232
2222
3219
3080
3610
2278
3707
2890
2904
3190
3543
2859
1719
3659
3507
2316
2913
2698
3645
2835
2979
2682
2696
2307
2794
2461
2953
2486
3596
2729
4074
2474
2665
2825
3326
3363
2675
3934
3295
2895
3287
2726
2333
3059
3226
2948
2748
2394
3078
3095
3426
2644
2680
2223
2252
2785
3099
3895
3763
3233
2980
2257
2905
3082
3028
3567
2628
2211
2669
3339
1934
2694
2651
3063
3381
3294
3008
3314
3290
2229
1951
3093
3349
3143
3490
2913
3329
2162
3323
2167
2574
2422
2949
2466
3228
3413
2269
4039
3428
3020
3591
4190
2884
2379
3082
3555
3763
2762
2623
3188
2800
3117
2764
3081
3003
2408
3450
3336
2074
4008
3013
3614
3200
2085
1814
1804
2359
3262
3085
2981
4223
2912
2807
3367
3212
1947
2829
3649
4245
3349
2710
3197
3119
3407
2578
3422
2815
1351
2642
3327
2993
2052
4364
3274
3199
1429
2853
4358
2792
2587
3621
3569
3288
2549
2948
3074
2715
2990
3085
2628
3307
3651
3266
2405
2640
2863
3946
2723
3773
3208
2804
1847
2894
3928
3372
3112
2761
3039
2207
3343
3445
3170
3014
3422
2848
3735
1999
2678
2864
4065
2360
4312
2971
2336
2294
3119
2759
2902
1934
2911
3442
2172
2869
3520
2538
2777
3056
2686
3720
2894
3141
2978
2767
2814
3955
3059
3102
3025
3291
3180
2352
3844
2731
3373
3105
3735
2874
3197
2024
4040
2821
1216
4056
2961
2849
3271
3186
1985
2549
3129
2181
3426
2652
3136
3334
2514
2643
3114
3748
2015
2840
2660
1128
2770
1915
3148
2585
3281
2863
3746
3780
3685
3263
2086
2160
2674
2236
2678
2829
3412
2949
3043
2617
3818
2563
2552
2660
2578
3510
3573
2521
3778
3083
3884
2556
3296
3643
3889
2631
2373
3430
2887
3073
3504
2284
2186
2990
1937
2936
3303
3340
3330
3063
3000
2378
2632
2455
1948
2071
2030
3832
3187
3753
3145
2454
3806
2745
2665
2703
2498
2752
2799
2838
2329
2927
3132
1930
2775
2391
4251
3225
3764
2088
3688
2557
3574
3624
2582
4219
2201
4062
3360
3275
3735
2825
2354
1530
2942
1966
2855
3414
3406
3261
3382
2532
3188
3317
3165
2893
1964
2137
1952
2995
3430
2914
2468
3242
3329
2505
3014
3776
3254
2664
2254
975
2224
2307
1699
3678
2894
2586
3109
3085
3288
3905
3282
2867
1953
3119
4126
1496
3303
2976
1942
2517
4116
3008
3244
3034
1750
2077
2324
2142
3247
3825
2254
2701
2925
2804
3550
2622
2018
3283
4557
3063
3615
3055
1525
3020
3403
4239
2687
3939
2972
3044
3090
2535
2659
2305
3657
3083
3251
3031
1701
1943
2962
3143
3163
3476
2968
4176
2609
4041
2438
2949
4222
2282
3414
3482
3797
3618
2287
3444
3118
1861
2093
3786
3079
3050
2609
3662
3338
2753
2285
3149
1885
2230
2819
2288
2958
3402
3521
3848
2986
4072
2342
2773
3534
3441
2493
2842
2581
3016
3466
1847
2620
2295
1859
2753
2682
1745
3883
4100
1931
2581
2774
3400
4374
2652
2772
3232
2810
3593
2079
2449
3038
3127
2722
2145
3002
3054
3030
2935
3699
3004
3059
4113
3953
2713
2932
3762
2868
3182
2618
2848
2290
3232
3305
3117
3505
3310
1384
3314
3452
3104
2617
2856
2281
2831
3133
3517
3110
3784
1804
1971
3519
3491
2070
1938
2532
3620
2994
3258
2788
3053
3675
3518
3026
2663
3058
2196
2669
3431
3704
2922
2331
3172
1457
3238
3238
2852
3088
2636
2409
3569
2687
3033
2613
3495
4224
3038
3939
2839
3534
2812
3067
1630
2755
2396
3191
3184
3133
3169
4170
2622
3839
2267
2446
2473
2953
3613
3230
2718
2260
3244
3209
2739
2762
3116
3849
2694
3018
1707
2798
2689
2216
3257
3309
2524
3013
2630
3926
4043
2693
3927
2722
4167
2812
2770
2516
2426
3780
3230
3417
2902
3485
3746
2199
4083
3136
3208
2023
2705
3439
3056
3449
2278
3049
3052
1855
2358
3010
3265
3405
2055
1661
2921
1943
3111
2746
2933
2919
2431
3003
2550
2356
1888
3054
3453
4090
2600
2380
2908
2899
2771
2893
3265
3084
1997
3340
2295
2974
3424
2866
2596
3587
2331
3298
3907
3200
3694
3527
3635
4246
2890
3112
2477
3469
3149
3390
2415
2890
3394
3102
3016
2263
2496
3219
1880
3618
3480
2914
2875
3424
2962
3159
2928
1999
2563
3750
3711
3409
3179
3014
1716
3171
3585
3021
3349
3686
3801
3447
2907
3463
3225
2404
2054
3715
3445
3436
2497
3603
2071
3257
3215
3609
3842
3127
3656
2810
2435
3304
3229
2976
2501
2974
3119
3211
2779
3531
3025
3156
3153
3478
2799
2538
3042
2507
3433
2959
2417
2697
3199
2531
2954
1976
3708
2209
1859
3618
3211
2578
2921
4283
2204
2837
2364
3437
2645
2922
2264
3832
1983
3041
3256
2549
2441
2621
3209
3459
3321
2503
2672
2676
2577
2774
3647
3143
3157
4652
3007
4047
2979
4189
3088
3404
2765
2118
2961
3327
2920
2329
3661
2917
2215
2531
3050
3248
2925
3547
2474
3064
2525
4808
2410
3456
3571
1957
2807
1684
2838
3832
2960
2239
3053
3131
3610
3036
2449
2536
3245
3242
2422
2851
2857
2379
3015
2926
2233
3191
2274
3518
3040
2848
3395
3240
2557
1965
2332
3619
3424
3424
2219
2573
2830
2285
2763
2942
2999
3169
3765
1643
2191
1921
2554
3939
2830
3560
3195
2700
2824
2528
3556
2380
3906
2476
1473
4112
2229
3875
3486
2385
1952
3749
3261
3449
2846
2250
2432
2266
2178
3135
3535
1701
3468
2385
3519
2815
2308
2752
3704
3743
2706
2276
2247
3645
3646
1945
3686
3205
3485
3772
3678
3076
2030
3322
2503
2793
2687
2618
4302
2930
2778
2438
2890
3332
3238
3279
4073
2660
2972
2869
2280
3217
3397
3161
3113
2458
2764
2594
4499
2522
2715
2642
2665
3114
2947
2054
2482
3939
4297
3272
3140
2849
3078
3380
3042
2865
2177
3312
2737
3514
2294
3301
3258
3661
3496
2649
2278
2879
3359
3967
4050
3830
2072
3990
3020
2531
2494
4500
4063
2828
2249
2668
2357
2870
3202
2459
2472
3829
3339
2003
2634
2412
2961
4202
2858
2676
1812
2843
3370
3146
3267
3214
3197
3292
2721
2476
2516
3020
3569
2988
2698
3583
3356
3208
2757
4069
2894
2493
2262
2746
3049
3719
2627
2493
3706
2686
4077
3205
2888
3004
2459
3257
2623
3552
2040
2079
3194
2620
2747
3916
3613
2138
1597
3634
2166
2881
