7185
7188
7188
7390
7174
7187
7187
7205
7178
7387
7365
7363
7200
7178
7122
7009
7172
7494
7110
7185
7400
7141
7291
7181
7209
7206
7400
7386
7178
7383
7182
7194
7404
7235
7200
7188
7142
6907
7391
7325
7172
6951
7122
7399
7196
7198
7406
7425
7409
7403
7200
7128
7384
7171
7217
7067
7391
6912
6932
7360
7339
6979
7272
7115
7195
7174
7189
7232
7247
7409
7188
7171
7399
7391
7197
7391
7407
7397
7397
7387
7387
7394
7394
7395
7395
6915
7350
7409
7116
7209
7160
7455
7065
6930
7268
7225
7321
7234
7325
7249
7296
7336
7180
7187
7047
7191
7017
7205
7070
7068
6993
7045
7056
7033
7172
7097
7085
7189
7193
7197
7180
7480
7298
7168
7185
7202
7207
7199
7202
7200
7197
7193
7190
7187
7171
7201
7184
7199
7185
7380
7389
7186
7199
7191
7188
7177
7257
7192
7192
7243
7194
7183
7181
7183
7176
7174
7175
7172
7217
7211
7202
7176
7203
7197
7190
7188
7184
7181
7178
7347
7388
7385
7386
7386
7382
7175
7383
7154
7262
7407
7400
7385
7408
7408
7384
7272
7191
7063
7480
7111
7178
7173
7208
7184
7206
7197
7180
7266
7192
7181
7193
7201
7200
7173
7121
7201
7187
7181
7182
7197
7228
7184
7178
7172
7262
7200
7176
7174
7178
7193
7019
7131
7094
7060
7193
7393
7198
7423
7338
7204
7030
7185
7196
7339
7190
7177
7174
7190
7186
7186
7201
7170
7202
7099
7107
7192
7192
7192
7191
7196
7193
7193
7189
7196
7036
7200
7203
7188
7177
7189
7188
7179
7172
7172
7190
7183
7188
7201
7208
7195
7195
7176
7188
7200
7176
7183
6918
7070
7236
7197
7195
7159
7201
7194
7204
7181
7389
7405
6921
6916
6963
7474
7193
7193
7189
7194
7180
7180
7183
7183
7203
7192
7171
7171
7171
7192
7183
7181
7181
7181
7191
7289
7349
6974
7186
7181
7180
7295
7182
7180
7180
7067
7031
7182
7188
7401
7205
7290
7448
7172
7192
7306
7186
7234
7208
7190
7184
7193
7392
7418
7194
7203
7415
7192
7199
7155
7295
7202
7172
7183
7202
7128
7207
7405
7206
7393
7272
7396
7171
7180
7175
7202
7054
7081
7190
7175
7191
7191
7405
7182
7286
7197
7188
7233
7215
7215
7215
7182
7148
7136
7184
7404
6985
7349
7349
7426
7164
7191
7206
6937
7196
7024
7305
7182
7193
7190
7192
7192
7176
7196
7179
7198
7182
7173
7186
7332
7198
7192
7308
7196
7172
7150
7117
7185
7185
7029
7178
7178
7165
7201
7170
7063
6967
7238
7178
7499
7170
7177
7196
7176
7186
7367
7183
7179
7183
7195
7204
7386
7385
7404
7408
7004
7180
7180
7193
7195
7405
7195
7194
7185
7405
7407
7383
7404
7372
7182
7209
7242
7334
7380
7403
7407
7199
7213
7195
7195
7195
7201
7201
7195
7196
7196
7196
7196
7196
7196
7196
7196
7196
7196
7196
7196
7196
7196
7196
7196
7196
7196
7196
7196
7196
7196
7196
7196
7196
7085
7177
6970
7288
7206
7199
7403
7445
7181
7012
7181
7181
7178
7220
7217
7172
7203
7202
7182
7210
7216
7215
7208
7183
7192
7192
7193
7192
7192
7192
7192
7192
7192
7192
7192
7192
7193
7193
7193
7193
7193
7193
7193
7193
7192
7192
7192
7193
7193
7193
7188
7188
7188
7188
7188
7188
7188
7197
7197
7188
7197
7167
7179
7168
7179
7179
7179
7185
7157
7200
7148
6900
7076
7430
7060
7201
7171
7190
7183
7183
7179
7178
7177
7177
7180
7179
7178
7177
7176
7193
7175
7181
7175
7183
7176
7175
7169
7176
7285
7176
7180
7193
7333
7035
7198
7193
7088
7203
7201
7189
7189
7171
7171
7094
7195
7192
7193
7191
7187
7186
7188
7475
7073
7195
7072
7359
7180
7067
7192
7187
7186
7191
7184
7199
6995
7200
7200
7194
7194
6983
7186
7191
7191
7187
7187
7207
7207
7207
7196
7177
7180
7170
7181
7175
7109
7129
7194
7201
7201
7201
7201
7204
7204
7172
6973
7179
7179
7088
7169
7167
7206
7206
7187
7187
7176
7197
7197
7197
7197
7197
7197
7197
7197
7198
7198
7184
7184
7171
7208
7208
7188
7199
7182
7182
7182
7195
7171
7171
7197
7197
7076
7131
7218
7180
7061
6987
7190
7215
7155
7189
6933
7181
7228
7228
7182
7205
7217
7201
7198
7198
7177
7211
7202
7174
7174
7174
7174
7174
7174
7174
7174
7174
7173
7174
7174
7401
7197
7142
7141
7141
7141
7141
7140
7141
7407
7138
7138
7138
7138
7138
7138
7137
7137
7145
7145
7145
7145
7145
7144
7136
7142
7142
7137
7137
7137
7137
7188
7188
7188
7188
7188
7188
7188
7188
7188
7188
7174
7201
7201
7201
7201
7201
7201
7201
7201
7201
7201
7407
7175
7195
7195
7195
7176
7176
7176
7176
7195
7176
7176
7176
7176
7176
7176
7176
7195
7195
7195
7195
7195
7175
7175
7175
7175
7175
7175
7175
7175
7175
7213
7191
7177
7177
7178
7177
7177
7177
7177
7177
7177
7177
7189
7188
7179
7118
7398
7148
7177
7155
7156
7157
7145
7146
7146
7145
7145
7138
7138
7137
7200
7174
7167
7166
7137
7137
7404
7137
7138
7136
7139
7384
7187
7183
7200
7137
7137
7137
7136
7137
7137
7136
7218
7135
7140
7140
7137
7137
7137
7138
7135
7134
7144
7144
7139
7139
7139
7139
7135
7134
7136
7136
7139
7140
7140
7140
7135
7136
7136
7135
7136
7136
7136
7135
7136
7195
7194
7136
7153
7136
7137
7135
7135
7136
7136
7172
7136
7137
7138
7136
7136
7140
7140
7141
7158
7136
7136
7137
7137
7136
7136
7136
7136
7136
7136
7136
7178
7135
7135
7135
7135
7135
7175
7134
7135
7135
7135
7136
7135
7135
7135
7136
7137
7136
7136
7136
7135
7135
7136
7136
7135
7135
7162
7135
7136
7135
7136
7136
7137
7137
7136
7135
7136
7135
7136
7135
7135
7135
7136
7136
7136
7135
7136
7136
7135
7136
7135
7135
7135
7136
7175
7175
7179
7201
7201
7201
7201
7201
7201
7201
7203
7180
7205
7185
7185
7187
7197
7185
7182
7194
7178
7176
7205
7194
7193
7174
7211
7211
7199
7197
7171
7190
7182
7182
7208
7207
7206
7199
7197
7188
7183
7180
7195
6902
7409
7252
7402
7393
7393
7409
7409
7409
7408
7408
7402
7402
7402
7390
7390
7390
7384
7390
7390
7381
7381
7381
7385
7385
7385
7390
7390
7385
7385
7385
7385
7385
7385
7394
7394
7399
7399
7407
7406
7405
7401
7400
7415
7415
7386
7386
7385
7196
7078
7400
7191
7191
7472
7106
7396
7384
7201
7198
7063
7444
7322
7402
7177
7334
7412
7385
7385
7385
7384
7168
7189
7086
6965
7178
7231
7221
7224
7222
7218
7213
7217
7254
7235
7233
7388
7394
7341
7305
7210
7210
7206
7203
7206
6982
7203
7049
7368
7265
7372
7287
7247
7283
7243
7284
7250
7267
7245
7246
7291
7245
7414
7253
7079
7320
7146
7208
7280
7220
7282
7250
7226
7219
7386
7386
7386
7206
7206
7351
7407
7387
7394
7212
7385
7399
7392
7406
7393
7407
7395
7404
7387
7405
7392
7380
7398
7101
7046
7007
7481
7392
7233
7231
7355
7323
7230
7360
7216
7226
7234
7207
7380
7070
7339
7370
7200
7409
7399
7389
7389
7189
7340
7060
7187
7136
7185
7470
7178
7202
7195
7186
7461
7194
7185
7186
7096
6928
7052
6941
7276
7180
7182
7095
7459
7302
7175
7411
7206
7199
7181
7180
7191
7193
7183
7179
7173
7215
7182
7189
7386
7382
7184
7367
7422
7274
7174
7174
7174
7391
6922
7388
7387
7387
7173
7175
7331
7174
7382
7033
7118
7182
7191
7206
7172
7177
7333
7180
7181
7186
7171
7180
6930
7195
7306
7186
7211
7335
7192
7248
7201
7400
7384
7178
7174
7202
7181
6972
7201
6967
7031
7202
7201
7192
6979
7386
7409
6955
7174
7400
7225
7182
7405
7392
7392
7394
7031
7488
7392
7178
7455
7399
7177
7392
7196
7186
7179
7197
7324
7224
7214
7191
7189
7188
7187
7186
7184
7184
7198
7198
7198
7174
7182
7182
7182
7182
7182
7182
7186
7186
7187
7180
7153
7186
7340
7238
6921
7030
7172
7394
7235
7194
7207
7211
7201
7235
7394
7380
7004
7138
7165
7130
7191
7189
7188
7187
7186
7185
7185
7172
7172
7172
7172
7172
7172
7172
7169
7170
7169
7169
7169
7169
7169
7172
7171
7196
7194
7193
7192
7191
7236
7227
7208
7187
7181
7181
7196
7049
7195
7199
7199
7187
7199
7044
7200
7183
7189
7403
7417
7189
7188
7188
7426
7180
7191
7200
7207
7175
7207
7183
7175
7289
7382
6914
7426
7116
6986
6906
7301
7388
7185
7428
7252
7407
7385
7418
7273
7177
7177
7177
7177
7177
6931
7192
7243
7302
7078
7202
7296
7320
7344
7391
7391
7291
7233
7181
7324
7216
7371
7357
7365
7307
7204
7405
6908
7205
6943
7485
7488
7206
7202
7037
7042
7023
7184
7175
7180
7451
7186
6903
7179
7026
7399
7030
7495
7072
6944
6961
7428
7047
7412
6954
7269
7012
7486
7001
7433
7069
7424
7285
7491
7411
7192
7427
7391
7400
7384
7428
7394
7181
7188
7175
7493
6902
6999
7012
7035
7022
6937
7221
6913
7023
7380
6980
7004
6979
7323
7428
6908
7394
7441
7384
7186
7186
7182
7287
7292
6983
7263
7141
7184
7142
7341
7408
7401
7271
7067
7289
7253
7301
7307
7120
7144
7144
7148
7145
6974
7175
7229
7406
7185
7303
7384
7391
7215
7300
7443
7393
7280
7153
7260
7198
7198
7217
7389
7345
7146
6949
7035
6934
6994
6973
7005
6902
6944
6919
7417
7055
6936
6939
6993
6966
6934
7203
7185
7187
7189
7189
7170
7170
7173
6962
7125
7178
7309
7401
7387
7200
7372
7449
7185
7018
7187
6919
7186
7231
7408
