43140
23107
764
710
397
727
709
711
711
709
708
719
709
710
708
710
710
709
713
711
709
710
708
711
714
719
709
728
709
709
709
746
21578
23165
6214
22441
373
1346
679
24227
1334
1495
1347
1489
5828
21366
25777
1598
22825
1772
1784
22227
6204
1799
23383
22720
22817
24453
25403
21968
2669
2700
1773
1789
704
1792
713
1791
38071
1459
1480
1793
1779
11023
42830
22195
1785
22477
21591
22942
23038
2848
23679
1398
22817
22854
22509
339
23685
17937
3118
25314
1397
1593
12188
6350
5580
40012
6019
5777
2716
2900
354
343
2879
10782
792
786
798
12329
1468
10788
10806
10769
10778
10777
10776
10795
10780
10786
10771
10774
10774
10773
10781
10778
10790
10787
10788
10786
10785
10781
10780
10794
10792
10778
10777
10781
10779
10776
10770
10798
10796
10795
10794
10770
10827
10826
10777
10774
5517
10779
10777
10783
10782
10775
10788
10792
10808
10798
10797
10796
10803
10802
10801
10781
10782
10781
10771
10790
10791
10784
10781
10777
10797
10784
10775
10778
10774
10782
10780
10779
10792
10792
10775
10775
10801
10798
10787
10778
10777
10770
10782
11490
11037
1381
348
27552
10777
5399
3770
21926
5671
336
10913
6216
5474
6061
5689
5791
5719
6382
5889
6030
3187
25508
25610
25907
24696
23344
26900
23030
11067
335
1423
1347
26085
2994
26026
11045
11445
5935
26382
12001
11976
11342
6041
12681
8204
24917
24946
24960
22921
878
982
21905
842
886
1450
1596
10694
941
988
10793
5804
6125
5803
5425
5804
10778
10792
10791
10801
10800
10799
10789
10788
10788
10773
10772
10810
10809
10808
10792
6387
10781
10780
1441
28855
30280
30989
5369
10777
10769
10785
10817
10818
10776
10776
10776
10776
11469
21609
23671
12481
22931
2801
12629
12412
12347
10798
10788
10773
10771
10797
11523
11339
11266
10982
10772
11114
8450
11390
11363
11297
670
2135
2334
10917
750
1469
11248
11189
11084
11397
11077
24995
12038
23676
12325
11834
43164
10982
2695
22361
25551
12601
12288
3200
5710
21506
701
21871
6075
703
43191
1354
12235
11358
12010
10904
11822
11279
1433
1599
4305
5908
378
395
1015
1026
1386
1485
3113
4448
4105
5363
11204
1125
1124
2383
5494
11331
11288
11130
2961
1446
2959
4496
6130
3075
1481
3065
4680
6401
3092
5638
3057
5649
5634
5682
5624
5675
5639
2008
2290
2300
1486
3099
4678
6401
22045
2954
2892
11060
11473
2271
2310
6060
25001
12161
1505
1336
2937
2954
4725
11072
20833
1521
3082
5940
5388
24056
5869
6190
11009
11986
11290
19195
4557
759
758
2865
758
19158
768
42968
1339
1349
1343
1458
1460
1103
1551
1101
1443
1550
1100
12488
10934
10738
11508
16481
3046
798
11004
714
707
2755
10721
6203
18108
6173
2951
18374
396
5740
11715
2790
794
795
19099
11624
11010
12200
2135
43180
11931
1453
6109
11326
11374
785
3010
3099
2693
795
9626
4067
4312
5922
5876
5879
5883
5885
5890
5892
5895
18571
4144
1575
677
24993
23699
2795
756
758
767
741
10959
11286
6197
6091
39873
2824
2846
11868
42355
37751
5748
2906
3014
3190
3027
2803
2916
3067
11459
5756
2736
2736
7848
3177
18956
43193
43184
12710
728
11184
2938
3048
3092
2990
12575
25283
1528
6127
19774
5941
5826
24896
1425
27428
27275
11174
1530
11994
2923
2798
1363
43193
795
723
775
750
781
43195
43193
2944
23865
2912
43192
5721
1379
1376
1552
1384
1385
1377
1550
1393
1368
1377
1563
1339
23140
12374
11752
670
43192
43192
12806
12611
744
740
674
723
724
669
5443
6169
16556
19086
10948
783
22420
12234
11670
11411
2841
17881
5203
24673
5459
2754
33450
1404
1590
1582
5742
3018
6037
5659
1937
10976
11363
3018
1350
1552
1398
1405
1394
1589
1354
1380
1348
1368
1384
1360
8489
6075
737
12122
11064
2875
3066
3005
2904
2745
2725
10903
21437
29967
6088
42972
2791
2866
6036
1578
5676
2704
766
6326
2787
2686
23578
711
5981
34623
10797
2695
2711
5606
6389
16508
1114
1115
1114
9035
2690
18575
6150
688
688
21581
10953
1395
10840
6094
21500
22980
12092
5817
6198
10779
10795
11879
352
12684
25345
1559
1519
1589
1568
1557
1559
1568
1528
1558
1569
1569
23013
5584
6040
6040
335
10836
8808
1569
358
11657
8630
1002
11826
1002
6085
42916
1427
6245
10755
6381
10790
759
6161
1346
1347
1534
1342
1339
1524
5674
700
6207
5799
28478
11062
21475
9449
709
693
1345
1421
768
770
691
338
8729
3521
2494
2789
2494
11118
1343
1389
1390
1385
1575
1426
1420
1427
1585
1416
1420
1432
1586
5470
1490
6189
6201
1471
15277
6211
748
3153
690
6397
6104
6214
6187
6183
6200
6200
6203
1384
5527
11451
11903
673
681
4762
11804
10882
6139
6262
4773
24531
3998
12049
5564
11491
1529
6369
6234
8913
23872
1872
3105
393
392
5684
23624
6345
6124
383
384
6215
5356
5585
6241
21420
21595
9540
11064
23416
12767
5372
23975
10852
10987
11067
11007
21603
11214
349
782
778
755
10808
2836
4061
21600
12523
2955
2723
21592
5473
5862
21597
5625
6371
5569
21600
6243
3011
23506
11951
12103
42802
12458
25015
5924
5858
21574
11241
5360
22786
1555
1405
1348
729
21579
1548
11995
11998
1467
21604
21584
21582
22621
22279
21586
1380
1375
1378
1377
21589
21578
5378
21580
21575
21587
11566
2993
2959
21593
21576
1544
1589
1579
1559
1598
1564
1586
1587
1590
1574
1566
1484
23776
4906
21604
5391
3173
21597
21585
5221
5446
1387
1505
1516
1473
22068
21796
11230
24650
5187
2824
5721
11022
10995
4922
2723
2721
2725
2736
8182
21373
718
15707
2726
2724
2737
2738
2751
703
5524
2731
2730
21481
4684
14762
1154
10872
685
796
3126
5410
4769
4969
5443
679
796
774
12603
5839
3045
3041
3040
2993
2959
6353
6347
8797
43002
9967
17357
5037
4708
1586
4728
4983
703
3845
1054
5869
4131
12273
16643
794
791
1435
5623
5441
1429
5932
670
675
6108
5512
5585
5928
3117
6295
16440
17629
22647
727
5400
5356
6218
25220
5651
5683
365
11957
6378
6347
5542
1376
1433
8018
5827
6143
32445
15011
6141
1563
32035
43187
32241
740
6404
745
43200
5843
32180
5599
6011
856
32853
43178
32548
3763
783
782
750
5770
5687
1346
5678
1735
21581
32255
1345
390
4125
32658
3699
4054
22208
1346
14690
14965
11497
24855
12729
21589
689
691
1351
21703
1399
21585
1408
36314
36202
3589
3546
4044
36351
4139
3583
3783
21587
21593
3190
10779
1337
1334
33152
6045
10787
5926
1597
33254
10775
33259
33085
32858
32966
33958
32850
3714
33026
3583
33054
1487
32852
21843
33267
3938
32933
32565
22498
43172
11566
1563
12568
780
11632
43184
21599
32676
2924
43191
2990
11090
10855
11052
6156
11080
43183
11368
11329
21788
6060
43174
43172
43175
32518
32422
43191
43194
1336
2670
2885
11709
21588
32543
43181
33144
43187
43191
32678
741
33154
769
772
21163
12114
21595
24594
5478
32137
33319
750
740
742
752
746
772
32979
4119
677
2887
2910
11918
2880
2552
2764
2955
2795
2514
2895
4057
