6028
6033
5996
5992
6022
5959
6026
5958
5975
6020
5987
5996
6002
5989
5974
5952
5971
5985
6021
5976
5961
5989
5985
6002
5970
6008
5940
6043
5971
5948
6003
5977
5990
6021
6024
6007
6017
6023
5924
6028
6046
5975
6047
6044
5981
6013
6055
6006
5934
6008
6003
6036
5997
6033
6008
6019
5971
6000
5991
5965
5949
5979
6024
5990
5986
6010
6027
5974
5974
6013
5977
6022
6023
6007
6009
6015
6010
5998
6034
6034
5959
6029
5951
6035
6057
6000
5949
6038
6044
6045
5997
6024
6003
5983
5963
6018
5935
6000
6065
6000
5963
6013
6008
5996
6046
5942
5935
5987
6011
6034
6025
6013
5984
6033
6013
5995
5991
5993
6017
6017
6032
5987
5996
5952
6010
6007
6078
5992
6024
6051
5995
5991
6005
5994
6000
5960
5950
6024
5993
5975
6022
5965
5943
6026
5959
5990
6021
5975
5958
6010
6073
5952
5978
6033
6022
5987
6007
6038
5978
6024
6020
5977
6028
5943
5984
5984
6006
6038
5976
5942
6011
5959
6009
6015
5999
5989
5974
5990
6049
6031
6008
6046
5978
6025
5987
5980
5985
6017
5973
5983
6040
5983
5965
6016
5971
6026
5988
5946
6057
6034
5975
5979
6065
5964
5965
5989
6021
5986
6019
5973
5980
6033
5962
6011
5939
5970
5980
6009
5989
6042
5979
6000
6041
5960
5968
6043
6034
5958
5995
6007
6020
6020
6002
5997
5961
6028
5997
5983
5968
6056
6012
5996
5983
5989
5996
6009
5986
6049
6003
6006
5971
6025
6030
5997
5976
6006
5983
5997
5954
5996
6005
5976
5992
5988
5988
6049
6031
5971
5971
5964
6009
6013
5959
6049
5975
6013
6062
6001
6016
6041
5977
6006
5971
5994
6002
6003
5992
6020
5981
6050
6019
6006
5968
6036
6002
6003
5963
5983
6025
5990
5997
5986
6004
6022
5976
6046
6014
6004
6021
6033
6036
5939
5995
6022
6007
5910
6032
5992
5991
5979
6009
6007
6023
6037
5903
6013
5951
5920
6013
5998
6025
6029
6029
5963
6046
6062
5953
5993
6002
5990
6004
6012
5993
6020
5987
5972
5999
6028
6029
5994
5969
6011
6009
6015
5975
6048
6010
5992
5988
5966
5980
6042
6016
6028
5987
5979
5993
5996
6033
6052
6025
5950
6022
5984
6040
6001
5966
6033
6039
6038
6025
5978
6018
6036
5949
6020
6009
5983
5997
5951
5992
5998
5998
6019
5992
6028
6040
6002
6023
6027
6013
6015
6000
6019
6021
5986
6062
6018
5986
6023
5943
5956
6000
5947
5987
6053
5984
6030
5966
5942
5984
6017
5970
5971
6001
5991
5998
5971
5990
6010
5992
5998
5980
6010
5981
5982
6007
5982
5989
6025
5979
6011
6024
5993
5973
6056
6006
6029
5966
5998
6000
5989
6024
5973
6049
6050
5973
6018
6028
6013
6004
5993
5968
5976
5985
6007
6019
6052
6011
6018
5982
5992
5937
5989
6017
5959
5988
6001
5997
5928
5958
5952
6025
6077
5964
6012
5990
6018
5990
5976
5988
6013
6019
5997
6006
5981
6008
5945
5974
6009
5966
5967
6011
6043
6037
6049
6008
5966
6005
6024
6021
5997
6024
5972
6004
5984
6043
5968
5991
5993
6004
6010
5975
6018
6019
5981
5978
5987
6018
5993
6006
5985
6017
5966
6073
5983
6002
6019
5962
5979
5970
6006
5959
6023
6001
6015
6057
5997
5988
5989
6003
5931
5961
6068
5971
5982
6030
5981
5968
5935
6032
6013
6022
5985
5996
5941
6031
6003
6053
5991
5989
5966
6009
6005
6008
5956
6010
6000
6025
6036
6044
6033
6040
5904
5973
6023
6007
6027
5917
6021
6048
5990
5953
6032
6003
5976
6024
6030
5996
6007
6009
6028
5994
5958
5977
5985
5961
6008
5987
5968
5989
6021
5974
6026
5994
5995
6019
5973
6059
6003
6008
5998
6010
6050
6029
5961
6013
6001
6017
5993
5993
6039
6024
5987
6000
5984
5959
6028
5975
5956
6002
5980
5936
5950
6024
6024
5982
6027
6014
6001
6024
6055
6026
5934
5986
6031
5999
5987
6033
6034
5950
6003
6008
5992
5966
5996
5964
6023
6026
6011
6015
5959
5983
6017
6020
5977
6000
5966
6020
6039
5987
6058
6010
5984
5989
5970
6038
5955
6067
6031
6019
6047
6010
6057
5961
6001
5991
5976
5969
5986
6025
6031
6043
6012
5980
5930
5996
6012
5972
5991
6059
5965
6021
6011
5984
5979
5983
6066
5971
5999
5959
5983
6008
5981
5983
6011
5967
6010
5970
6012
6005
6063
6040
6016
6026
5969
6019
5972
6025
5993
6044
5996
5988
6028
5975
6000
6017
6000
5943
6024
6024
6019
5969
6005
5941
5972
6027
6006
5986
5999
5996
6041
6025
6003
5963
5997
6013
6029
5986
6019
6056
5967
5975
5996
6058
6006
5982
5956
6023
6005
5961
5972
6004
5982
5973
6010
5966
5965
5966
5970
5990
5970
6035
6037
6052
6055
5982
6053
5990
5995
5981
6034
5973
6008
5994
5996
5969
5950
5951
6032
5996
6042
6029
6022
5994
6036
6011
6032
6008
5999
5938
5986
6011
6016
6074
5990
5991
5960
5979
5985
6013
5976
5982
6005
5953
6008
5967
5969
5991
5968
5952
6067
6000
5999
6005
5963
6068
5988
5983
6031
5959
6031
5989
5969
6010
5975
5972
6014
5967
5984
6080
5999
6014
6024
5971
6014
5967
5991
6031
5970
5980
5967
6007
6034
5968
6038
6018
6005
6008
6025
5961
5973
5987
6056
6028
6017
5984
5982
6024
5972
5998
5968
5975
6023
6025
5962
5977
6016
5995
6007
5990
6008
5995
5995
5991
5918
6026
5998
6012
6019
6024
5965
5988
6021
6008
5977
5978
6013
6008
6010
5990
5964
6019
6002
5941
5991
6032
6009
5976
5912
5974
6003
5996
5980
5999
5954
5975
5975
6009
5994
5964
5998
6034
6024
5980
5993
5984
6015
6002
6027
5999
5994
5968
5998
6009
6032
6000
6011
6013
5992
6002
6004
6004
5976
5940
6040
6004
5969
5949
5993
5971
6000
6065
5979
6021
6012
5985
5956
6031
5975
6010
5984
5967
6021
6001
5997
6009
6034
6051
6001
5945
5982
5962
5995
5951
6008
5974
6022
6029
5958
5995
5956
5969
5995
5988
6022
5997
5946
5973
6011
6008
5999
6014
5988
5999
5948
6006
5977
6046
6041
6011
5991
5997
6008
6003
5981
5962
6006
5953
6014
6083
5990
6015
5943
6054
5995
6005
5973
5984
6007
5946
5987
6001
6017
5984
6002
5995
6001
6006
6056
6020
5994
5984
6011
6042
5957
6013
5988
5964
6016
6023
5945
6028
6031
5960
5985
6029
6000
6021
5973
6001
5980
6057
5991
5979
5995
6012
5966
5998
6018
6023
6014
5981
6002
6021
5963
5978
6019
6037
5958
6011
5992
6008
6052
5972
5975
5986
5980
5988
5990
5998
6046
5942
5967
5964
6041
6004
5934
6018
5938
6001
6019
5998
5955
5983
5953
6039
5983
6004
5977
5990
6009
5995
5998
5959
5971
5986
5954
5993
5976
6000
6017
6027
5981
6004
6024
6032
6028
6003
5999
5972
5957
6004
6014
6011
6010
6048
5966
5993
5987
6049
5970
5988
5946
6006
6028
6015
6010
6005
6016
6005
5963
6024
6003
5950
5982
5992
5989
5995
5979
6018
5993
6031
6011
5990
5951
5961
6029
5981
5976
5997
6011
5983
5965
6008
6004
5938
6001
5981
6029
5999
6036
6003
6009
5992
5991
5953
6029
5991
5965
6013
5989
6003
6030
5970
5980
5973
6023
5955
6040
6034
5973
6005
5993
5994
5993
5977
6017
5984
5969
6042
6010
5946
5964
5995
6028
5988
6008
6003
5984
6007
5996
5989
5957
5986
6009
5974
6025
6008
6047
5966
5972
5988
5975
6020
5963
5997
5979
6001
6057
5984
6003
6013
6011
6061
5942
6037
5994
6040
5993
5965
6013
5945
5975
6030
6013
6036
6026
5949
6055
5989
6017
5990
5973
5914
5990
5963
5981
6000
6028
5948
6001
5954
6011
5968
5993
6013
5947
6010
6039
5986
6015
5971
5990
6007
6000
6025
5990
5982
5949
5970
6019
5971
6022
5966
6012
6008
5987
5973
6018
5962
5964
5950
5989
5961
6016
5957
5984
5998
6014
6019
6017
5970
6049
5976
6014
6010
5975
6020
5982
6034
6035
6060
6011
6017
6011
5988
6012
6000
5979
5976
6037
6046
5990
5999
5950
5986
5965
5968
5957
5904
6030
6038
5963
5953
6007
5989
5989
5980
5977
5960
5998
5965
5987
5978
5941
5995
6045
5990
5961
6005
6085
6042
5955
5961
6026
6000
6012
6003
5993
6020
6079
6000
5957
5990
5954
6031
5985
6005
5989
5990
6030
6022
5987
6031
5998
6041
6002
5990
5982
6015
5996
6004
5984
5970
5995
6033
5995
6017
6025
6004
5947
5947
6007
5989
6035
5948
6013
6021
5995
6071
6000
5984
6027
6002
6006
6034
6014
6013
5981
5973
5997
5960
5973
6003
5990
6012
5969
5987
6011
5979
6012
5967
6020
6000
5985
6024
5985
6012
6058
5988
5975
6025
6035
5962
5983
6007
5996
6012
6044
6000
5994
6002
5995
5983
5981
5995
5953
5999
5972
5967
6029
5965
5952
6068
6024
5973
5988
6005
5980
5978
6015
6026
6019
5994
5979
5957
6031
5996
6053
6005
6023
6005
5994
5973
5961
5975
6022
6004
6017
6002
5997
6004
5977
6003
5950
5991
6036
6041
6000
5918
5968
5937
6012
5983
5993
5945
6020
6030
6026
6050
6019
6048
6009
6019
6026
5993
5973
5988
5951
6004
6035
5967
5964
6030
5974
5972
6006
6012
6018
5990
6038
6027
5992
6001
6047
5975
5995
6035
6018
5987
6002
6011
5980
5980
5969
6074
6011
6004
5947
5998
6030
6026
5974
6002
5927
6003
5975
5993
6005
5980
6010
5951
5994
6035
6051
6040
6000
5937
6009
6021
6002
5971
6018
6010
6026
6038
6004
6049
6016
6019
6000
5994
5976
5985
6049
6010
6000
5993
5990
5990
5969
5986
6037
5977
5917
5986
5961
5997
5995
5981
6014
5948
6022
5950
6039
6013
5977
6049
6027
5958
6029
6021
6013
5985
6065
6042
6034
6038
6025
5957
5988
5933
5973
6035
5998
6051
5995
6005
5990
5952
6002
6031
5995
6008
5982
5989
5974
5988
5996
5986
6002
5959
6087
6001
6011
6002
5986
6021
5955
6036
5963
6002
6009
5957
5963
5998
5937
6038
6008
5984
5990
6070
5944
5980
6026
5981
6024
6034
5983
6022
6070
6009
6025
5985
6013
5965
5998
5980
6016
5971
6015
5996
5992
6010
6027
5986
6015
6002
6001
5917
5982
6058
5999
6039
6050
5989
5984
6003
6055
5997
6016
5978
6015
5991
6038
6023
5959
6002
6029
6009
5959
6002
5954
5990
6071
6019
6015
6043
5981
6005
5965
5982
6060
6010
6003
6022
5993
5968
5976
6064
5958
6035
6045
6009
5993
6015
5970
5983
5985
6020
6038
6003
5987
6030
5918
6012
6022
5972
5993
6010
6003
6008
5951
5995
5969
5978
5948
6008
5943
6016
6016
6034
6027
6040
5998
5961
6006
5986
6023
5979
5986
5961
6001
6021
6078
5990
5991
6078
5969
5984
6020
6006
5965
5997
6024
6003
5966
5972
6000
6011
6018
6019
6028
5974
5967
5959
5994
6005
5982
6032
5994
5982
5974
6008
6052
5945
5980
6003
6002
5985
5996
6002
5980
5955
6031
5972
5998
5974
5979
6035
6007
6054
5954
5991
6007
6021
5948
5946
5999
5989
5990
6012
6028
5985
6004
5965
5995
5999
5988
6007
6005
6000
5975
5999
5950
6003
5958
5955
5987
5951
6022
5980
6057
5950
5984
6043
6053
5994
6034
5987
6045
6053
6008
6025
6047
5943
5939
6003
6023
6006
6023
6012
5960
5964
5990
6005
6004
6021
6002
5984
6015
5958
5977
5991
6033
6023
5981
5972
5960
6009
6033
6015
5978
5956
6036
5969
5994
6028
5956
6016
6001
6036
6014
5965
6049
6017
5934
6003
5976
6021
6001
5940
6008
5959
5901
6083
6056
5971
5994
6011
5998
6063
6013
6009
6029
6013
6023
6013
6018
5978
6017
6013
6052
6022
5950
6023
5989
5947
6067
5963
5994
6001
6036
6041
6043
6034
6005
6011
5991
5958
5957
5981
6016
6063
6027
5963
6049
6024
6014
6024
5998
5970
6005
6029
5966
6032
6004
5932
6016
5965
5989
6025
5972
6035
5999
6087
6007
5967
5989
5992
5970
5971
5934
6055
5968
5992
6047
6009
5945
