2959
3049
3038
3005
2940
2986
2993
3038
3041
3010
3018
2997
2991
2948
3027
3002
3010
2996
3009
3018
2974
3027
3068
3000
2973
2980
2942
3021
2992
3008
3006
3010
2991
3007
3006
3008
2977
2938
3006
3001
3013
2992
3004
2993
3011
2987
2990
2942
2987
3017
2997
3000
3024
2982
3025
2964
3000
3062
3005
2954
2984
3039
3012
3017
3042
3017
2998
2972
3024
2978
2996
2997
3035
3004
2988
2986
2982
3031
3003
3020
3011
3042
3018
2984
3006
3007
3014
2998
3007
3027
3021
3007
3048
2992
3021
3008
2986
2940
3029
2964
2965
3000
3068
3009
3044
2968
2991
2951
3007
3041
3055
2992
2974
3045
2966
2993
3006
3015
3020
2990
2993
3061
2993
2990
2950
2974
2996
2995
2962
3051
2976
3048
2991
3040
2970
2986
3048
3004
2992
2989
2976
3015
2989
2912
3005
3017
3034
3037
3004
3026
3016
2972
3031
2997
2963
3023
3015
3056
2966
2989
3017
2926
2986
3007
3036
3024
2953
3022
3051
3102
2972
2954
2996
2967
3043
3018
3034
2980
2990
2947
2956
3007
2973
3033
2949
3056
2993
2998
2996
2994
2945
3010
3023
3008
3013
3002
3003
2998
3022
3087
2990
3011
2979
3008
2990
3058
3015
2996
3004
2989
2965
3039
2924
3017
2951
2951
3025
2988
2989
3006
3016
3023
3041
3019
2984
3040
2984
3016
3020
2939
3013
3027
2982
3054
2979
2991
3032
3036
2987
2944
2967
3007
3002
2981
2986
3041
2981
3001
3012
2961
2989
3050
3041
2998
3031
3039
3021
3019
3047
3010
2964
2984
2979
3005
3038
3024
2953
3032
3009
3034
3037
2933
3066
3029
3020
3040
2992
2995
3004
3022
2992
3008
2996
3059
3028
3028
2992
2998
2949
3064
3015
3065
3004
3011
3006
2999
3046
3010
3020
2949
2997
3043
2999
3002
3004
3042
2997
3022
3058
3012
3023
2998
2966
3043
2974
2981
2950
3026
3015
3026
3043
3002
3020
2948
2954
2989
3016
2986
3015
2993
2989
2992
2991
2967
2984
2947
3042
3013
2977
3014
3029
2992
3013
3050
3029
2936
2970
2978
2966
2963
3061
2977
3026
2983
3024
3009
3002
2990
3020
3051
3020
3015
2962
2984
2964
2986
3027
2995
3003
3019
2974
3052
2994
3023
3000
3023
3022
3010
2975
3034
3009
2980
2997
2924
3058
3024
2989
3054
3027
2931
2997
3008
2970
3007
2985
3042
2952
3070
2973
3002
2977
3015
2988
3039
3021
3067
3031
3003
2977
2952
2967
2968
2959
3003
2964
2997
3028
2994
3003
3003
3027
3008
3095
3018
2996
2972
2990
2994
2990
2962
2956
3019
3010
3051
3007
3014
3012
2997
2987
3018
2961
3002
2981
3050
3051
3034
3011
3019
2991
3074
2977
2996
2982
3018
3019
3030
2985
3031
3022
3020
2978
2935
3067
3056
3056
3019
3039
3012
3011
3054
2943
2993
3023
2998
2986
2975
2988
2965
2976
2987
3027
2955
2998
3002
3009
2956
2992
3025
3013
2944
3024
3020
3012
2959
2974
2952
3065
3026
3026
3019
3046
2972
2977
2975
2995
3004
3012
3042
2971
3007
2966
2998
3009
2969
2975
2953
2982
2978
3034
3031
3049
2989
2990
2976
2973
3005
3034
2901
2960
2997
2980
3022
2984
2994
2962
2996
3043
3033
3038
2954
3010
2990
3031
3080
2943
3007
3036
3001
2985
3015
2947
2969
2991
2986
2934
3011
2991
3013
3027
2936
2995
2994
2983
3028
3000
3084
2960
2939
2998
3023
2958
3042
2948
2943
3006
2999
2999
3000
3088
3025
3009
3043
2975
3014
3064
2985
3061
2942
3016
2997
3054
3004
3005
3028
3003
2934
3000
2971
2989
2995
2982
2966
3036
3008
2973
2947
3058
3035
3051
3034
2985
3021
2973
3005
2992
3026
2984
2987
3002
2990
2985
3047
3038
2991
2970
2949
3039
2982
3010
2973
2999
2978
3001
2984
2947
3047
2937
2993
3006
3018
2965
3014
3001
2998
2970
3006
3012
2969
2989
2998
2938
2980
2984
2987
2999
2978
3002
2983
2995
2997
3060
3008
2988
2995
2981
2962
3046
2987
3021
2999
3018
3014
2920
2994
3028
3061
2985
3011
3017
2985
3003
3009
2987
2994
2984
3027
2957
3040
2941
2967
3027
3022
2977
3004
2991
3034
2935
2982
2993
3049
3031
2959
2973
3015
2986
3015
3008
3011
2996
2926
2981
3011
3060
2994
2953
3032
2997
3016
3067
2994
3031
3000
2952
3058
3054
2970
3027
2960
3018
2996
3008
2980
2993
2970
3020
3044
2953
2996
2968
2995
3020
3013
3004
3002
2961
3019
3018
3035
3016
2995
3043
2966
2964
3016
2982
3069
2995
2997
3028
2982
3058
2988
3006
2984
2939
3033
3032
2960
2994
3021
2975
3039
2963
3032
3009
3005
2998
2965
2932
2974
2990
3011
3054
2992
3024
2986
3029
3039
3048
3009
2998
2987
3007
3019
3001
2993
3008
2939
3027
3021
2989
3007
2973
2985
3008
3044
2942
3045
3024
2999
3005
3015
3007
2970
3036
3032
3020
2960
3015
3023
3076
2975
3008
3001
2913
3005
3038
2994
2988
3084
3018
2954
3046
3031
2988
3019
3038
3015
3023
3003
2968
2996
3007
3015
2973
3020
2990
3018
2985
3012
2971
2978
2987
2984
2933
2974
3011
2960
3038
2984
3055
2977
3011
3002
2922
2965
2997
3042
3054
2998
3003
2973
2988
3001
2957
2989
2999
3015
2945
2986
2944
2976
2961
2976
3016
3006
2933
3015
2983
2965
3083
3007
2988
2970
2928
2997
2955
2948
2980
3012
2985
2944
3026
3025
3034
2979
3020
2977
3039
3000
3018
2995
3004
2985
2991
3031
3008
2988
3030
3035
2981
2936
2995
2987
2982
3027
2960
2969
3024
3037
3042
3039
3031
3042
3029
2992
3004
2982
3020
2951
3028
3009
3007
2986
2994
2976
3033
2984
2995
2999
2993
3017
3023
2934
3048
2985
2982
3017
3006
2959
2987
2969
3004
2982
3023
3002
2976
2995
2984
2996
2972
3007
2964
3027
3007
3005
3037
2956
2977
3017
2974
2955
3025
3036
3012
2990
2979
2985
3011
3005
2984
3001
2988
2972
2995
3014
3033
2964
3013
3018
3035
2990
2996
2982
3034
2984
2979
3036
3002
3002
3023
3006
2985
3046
3002
2960
3004
2955
2985
3000
3032
2976
2940
2968
3039
3024
2996
2975
3008
2999
3058
2970
2990
3011
2965
2998
2991
3002
2990
3003
3004
3013
3001
3009
3011
2999
2996
3000
2963
3024
2996
2983
2867
2994
3002
2998
2968
2999
2958
3010
3012
3019
2968
2995
2964
2957
2978
3018
2998
3038
3045
2972
2985
3046
3010
3014
2988
2963
3020
3007
2925
2996
3004
2975
2946
2968
3025
3014
3024
3031
2982
3003
2980
3021
3006
2987
2959
2957
2948
2988
2976
3027
2965
2961
3005
3058
2971
2929
2993
2969
2985
2991
3069
3083
3076
3005
2980
3003
2967
3034
3025
3023
3027
2986
3001
2976
2951
3025
3075
2986
2981
2972
2987
2996
2982
2997
3023
3047
3031
2967
3014
2978
2945
2993
3030
2986
3041
2987
2957
2996
2983
2988
3026
3096
2966
3030
2991
3030
3074
2987
3002
2992
2988
3000
2933
2989
2996
2998
3030
2972
3010
3037
3022
2977
3009
2989
3031
2993
3045
2932
2969
2994
3001
2924
3014
3029
2953
2967
3012
2957
2993
3001
2958
2979
3043
3001
3026
2991
2970
3008
3056
2985
3006
3019
2921
3012
2979
3015
3000
3010
3028
3078
2947
3031
3041
2980
3045
3008
3013
3077
2986
2996
3013
2997
3002
3027
2996
3014
3010
3016
3038
2996
2968
2957
3023
3003
2953
3031
2969
2949
3075
3014
3055
3012
3000
3086
3044
3017
2979
3051
3018
3012
3052
2982
3019
3036
2981
3012
2965
3057
2999
2970
2997
2985
3032
3046
3005
3007
2973
2984
2959
2991
2998
2986
3012
2998
3003
2999
3009
3026
3013
3025
3020
3037
3001
3018
3016
2984
2963
2965
2990
2974
2956
3017
2989
2974
2988
3023
3047
2982
3041
2932
3018
3025
3030
3002
2980
2954
3032
3010
2942
2980
3009
3031
3032
2980
2964
2993
3063
3016
3056
3071
2978
3003
3009
3016
2959
2980
2973
2979
3005
3023
2952
2999
2990
2972
3014
3090
3039
3035
3073
2923
3009
3000
3055
2983
2979
2993
2982
2994
3035
3038
2985
3035
2966
2991
3003
3021
2967
2998
2938
2953
2956
3015
2962
2999
3018
3010
3056
2979
3008
2958
3033
2973
3015
3018
2989
2933
3040
2947
2988
3000
3002
2950
3043
3027
2953
2997
2997
2998
3018
2965
3016
2976
2990
2995
2993
2990
2986
3004
3012
3018
2959
2937
3034
2997
3000
2986
2994
2989
2966
3002
3058
3010
3000
2963
3033
2989
2984
2966
2998
3054
2997
3004
2994
2990
3029
2974
2974
3024
3004
2992
3029
2985
3007
3010
3035
3008
2994
2981
2996
3035
2975
2970
3040
3004
3070
3032
2981
2955
3000
3049
2980
2999
2966
3001
2962
2974
3010
3035
2989
2990
3038
3001
3014
3049
3011
2999
2974
3017
3022
2970
3019
2979
3025
2987
3014
2967
3004
2948
2992
3002
2999
2978
2975
3029
2999
2960
3004
2979
3028
3016
2956
2969
3067
3004
3018
3020
2950
3003
2996
3047
3040
3029
2977
3000
3000
3006
2984
3008
3008
2989
3003
3021
2983
3019
3024
2973
3017
3015
3040
2985
2967
3028
2933
2995
2992
2951
3050
3015
3003
2961
2985
2989
2948
2990
2996
3001
3030
3001
3009
2970
2999
3038
3016
2943
3005
3037
2981
3049
2981
2954
2947
2998
3013
3008
3043
2996
3011
2992
3007
3024
3056
2965
3033
3013
3030
2978
3020
3009
2966
2999
3002
3030
2967
3017
2988
2956
3035
3014
3007
3054
2967
2986
2977
2972
3013
3034
2998
3044
2974
2982
3021
3039
2989
3016
3015
2968
2985
2994
3032
2945
3028
2995
3023
3021
3038
2950
2937
3033
2992
2990
3058
3060
2948
3004
2990
2936
3000
2972
3016
2984
2961
2984
2985
2969
3013
2968
3049
3006
2937
2990
2969
3040
2963
2952
3016
3062
2984
3027
3048
3001
2991
2947
3008
2942
2969
2967
3044
2977
2941
2974
2953
3049
3009
3008
3026
3031
3013
3032
3032
3025
2969
2952
2986
3023
3022
2983
3040
2930
2995
2982
3004
2965
2992
2996
3001
3015
3011
2977
3007
3044
3021
3004
3037
2997
2976
2941
2992
2997
2997
3007
2916
2940
3011
3020
3025
3034
3025
3008
3072
3010
2997
3049
3015
3009
2990
2983
3040
2985
3025
2991
2964
2996
2980
2958
3029
3003
2971
2957
2974
3016
2976
3001
3006
2976
3004
3031
3020
3024
3037
2975
3013
3001
3007
3066
3039
2996
2987
3016
2949
2981
3005
3043
3043
2974
2998
2995
2996
3006
3030
2986
2965
3003
2985
2994
3010
3077
3042
3024
3018
2973
3004
3009
3009
3023
2997
2980
3046
2995
3006
3015
3000
2994
2984
3026
3017
3007
2978
2967
3045
3026
3023
2970
3011
2977
2995
3035
2980
2994
2979
3062
2955
3003
2954
3036
3090
3008
2934
2995
2962
2977
2957
3036
3033
3008
3003
2970
2996
2941
3017
2966
3036
3029
2984
3012
3051
2970
3033
2995
3008
3056
3030
2955
3008
3011
3009
3008
3032
2993
2977
2974
2998
3016
2964
3065
3007
3024
2961
3040
3010
3057
3013
3038
2982
3022
2993
2944
3007
3001
3030
3037
3047
3033
3001
3018
3030
2979
3011
3018
3099
3032
3013
3003
3048
3005
3036
2962
3011
2978
2929
2974
3019
2984
2990
2997
3024
2973
2972
3047
3009
2960
3025
3053
3007
2997
3027
2992
2947
3079
3038
2951
2990
2988
3001
2982
3008
2934
2969
3009
2978
3033
3010
3002
3026
2960
3015
3014
2969
3025
3020
2978
2969
2990
2944
3028
3005
2973
3049
2990
2991
2978
3025
3001
2984
2981
3006
3027
2995
3024
2979
2962
2965
3028
3007
3016
2929
2993
2983
3082
2990
3061
3003
2948
3035
2983
3003
2937
2980
2997
3022
2939
3007
3017
2949
3015
3001
3016
2998
2974
2977
2968
2966
2963
3023
3043
3015
2961
3009
2969
3012
2983
2986
2937
2942
2959
3045
3004
2995
3039
3041
2975
3000
2986
2973
3017
2981
3020
3001
3066
2999
2993
3017
2969
3046
3023
2977
2994
2928
2978
