607
606
585
585
585
586
586
610
617
608
592
595
605
588
602
620
603
619
608
607
612
584
615
601
610
612
595
599
601
594
605
580
607
610
597
615
601
586
615
612
611
602
588
608
613
615
613
582
584
616
586
608
582
592
608
616
608
590
595
600
585
597
601
600
604
599
591
593
609
616
620
615
585
580
620
590
586
609
587
599
613
604
617
606
594
607
594
584
613
609
606
580
581
582
580
610
615
609
581
586
591
584
584
593
593
591
607
602
610
607
602
593
611
611
618
592
592
580
586
586
602
609
598
616
591
612
591
614
587
581
620
620
616
585
613
609
615
618
611
607
614
588
581
616
615
603
585
598
615
609
596
583
587
595
610
608
589
594
611
588
604
597
590
615
611
584
607
604
608
603
584
619
615
619
580
599
598
599
607
589
604
597
595
618
610
618
593
595
604
615
589
604
608
584
615
597
599
591
593
600
590
597
615
611
605
619
620
617
616
614
620
612
620
604
590
585
584
618
594
589
589
617
595
582
597
610
600
589
589
585
595
592
583
580
591
596
602
600
589
590
581
581
586
585
601
593
580
598
593
603
617
584
595
613
584
606
599
610
584
583
580
612
606
605
586
620
582
613
581
618
607
613
586
610
611
595
581
592
616
613
583
600
591
593
600
611
614
594
591
612
613
586
587
605
604
612
582
584
598
617
607
609
589
606
615
617
582
584
591
602
607
608
611
583
611
598
602
603
604
587
588
611
585
607
583
608
592
618
613
615
582
581
603
586
595
584
611
619
611
611
585
595
602
592
615
605
616
600
592
611
597
609
600
581
607
615
617
609
593
608
585
596
602
586
618
605
582
606
586
619
619
594
605
618
617
618
619
619
618
617
619
610
608
593
585
601
584
585
593
608
585
599
591
601
590
616
594
606
611
581
611
609
608
609
617
617
617
618
606
619
582
608
594
585
608
608
609
607
608
608
608
607
608
608
608
607
611
613
615
615
605
606
606
609
608
582
607
607
589
606
590
580
580
594
609
600
593
616
583
593
604
581
603
603
594
592
595
591
604
586
603
604
603
603
607
605
609
589
586
600
619
612
589
619
598
610
619
583
620
596
589
594
602
585
612
618
588
584
607
597
608
604
611
614
610
608
600
596
612
618
609
608
611
611
610
610
612
609
596
606
587
604
607
589
605
589
591
596
588
583
594
583
612
608
580
596
605
600
594
592
610
609
609
607
602
615
607
598
602
600
614
602
594
608
605
585
592
593
610
585
603
604
602
604
602
605
603
594
592
598
581
604
598
601
594
588
589
597
598
584
580
586
596
594
584
600
600
583
602
605
583
614
595
599
586
606
590
588
580
586
614
584
612
601
610
589
584
583
619
609
609
609
609
609
609
613
613
613
612
612
612
614
614
614
614
614
612
606
606
607
606
610
610
610
610
610
609
609
608
608
608
608
612
611
611
612
608
620
612
612
583
607
610
610
608
608
608
608
586
610
610
610
610
610
609
611
610
593
608
603
598
587
597
589
586
604
592
601
602
594
607
588
595
584
601
589
607
609
618
619
609
583
589
605
596
605
607
605
607
600
599
608
582
593
591
582
590
589
588
587
586
584
585
584
582
582
581
599
597
614
607
604
605
604
606
618
602
602
596
589
596
600
587
602
618
613
603
601
586
603
603
597
602
620
602
603
602
604
602
587
593
590
592
607
593
592
591
581
603
603
591
596
591
589
598
617
603
603
611
593
593
593
582
585
585
584
619
589
612
607
583
608
616
582
582
617
604
585
585
604
606
615
615
616
585
615
617
617
617
607
582
604
619
618
607
607
608
608
617
606
607
616
615
618
605
615
605
609
611
614
612
606
605
604
608
615
618
619
613
612
613
611
611
612
609
613
604
618
617
616
583
606
605
606
605
605
604
604
606
613
610
605
603
604
608
593
613
587
591
600
587
580
588
597
582
583
580
602
601
580
618
590
618
587
599
601
596
600
582
583
583
580
583
590
580
585
583
595
592
582
601
601
619
599
601
597
594
595
593
600
600
607
602
594
608
613
613
615
584
581
608
599
609
607
610
618
606
600
609
599
602
607
617
614
603
607
607
615
601
619
617
609
609
620
616
608
597
591
598
607
598
601
603
600
600
600
602
603
609
599
600
607
599
598
609
601
608
601
611
610
611
610
606
607
594
609
611
598
609
600
616
595
594
603
602
601
598
615
602
610
618
600
601
612
602
599
608
610
608
598
602
612
607
620
606
603
598
602
602
601
607
614
598
609
603
602
608
603
601
604
603
614
613
605
607
602
603
602
608
602
595
601
599
616
601
611
607
603
601
601
603
606
601
603
616
606
613
609
586
587
587
593
580
615
581
584
586
580
582
605
581
597
585
598
590
614
611
583
597
620
607
620
620
596
615
594
593
617
616
604
618
619
583
581
580
605
613
618
583
606
604
592
599
608
590
588
595
616
615
604
594
589
597
595
596
601
599
596
612
614
585
580
595
616
583
591
580
581
600
582
584
582
598
595
585
594
598
600
600
601
587
587
587
587
588
587
608
592
595
605
619
606
618
581
606
580
614
612
603
604
616
615
620
582
599
605
614
616
613
612
616
602
596
582
609
616
619
615
609
619
588
613
615
583
597
589
601
581
620
598
589
599
619
617
606
608
608
584
619
619
593
590
598
604
584
597
606
606
602
604
604
618
614
611
618
616
610
614
592
620
583
582
586
581
606
617
596
612
613
597
594
602
590
581
580
618
581
590
584
580
584
582
587
582
584
586
585
591
589
585
587
587
603
603
585
593
610
583
587
585
585
606
587
599
609
596
595
588
613
615
581
607
607
610
613
615
597
611
614
614
615
620
609
614
618
615
600
581
580
614
592
584
611
601
605
611
620
588
600
583
593
581
607
604
590
613
583
608
612
617
590
610
609
606
606
616
616
581
580
616
599
614
586
605
595
595
615
593
598
582
596
588
603
615
613
591
596
617
616
616
616
618
618
618
616
618
617
609
609
589
582
598
591
618
581
606
600
582
594
590
620
597
598
591
620
601
616
616
601
618
581
620
617
605
591
590
607
619
593
582
613
620
605
585
617
605
620
607
585
580
582
581
599
596
608
581
604
593
594
581
591
580
583
584
582
608
594
585
580
591
584
618
619
583
583
590
601
601
593
590
590
605
600
601
616
612
612
608
612
607
601
591
585
606
614
581
606
595
601
614
593
601
609
606
600
600
614
620
609
601
603
613
581
601
601
617
609
614
593
587
586
587
584
587
590
593
595
599
593
593
598
586
614
599
601
620
619
596
600
594
598
591
597
581
583
590
590
596
594
594
588
603
594
584
620
609
597
615
616
605
612
591
582
597
603
591
592
591
593
596
599
598
587
600
602
617
597
607
588
596
593
586
597
598
604
599
614
601
598
599
601
597
598
619
602
594
605
599
585
611
614
608
605
608
610
600
607
605
600
582
617
604
607
620
614
602
615
613
613
608
614
598
604
607
600
598
601
612
604
604
605
608
600
604
601
602
602
595
603
605
603
614
605
593
597
593
598
600
599
597
600
601
598
605
603
596
602
602
598
600
593
609
613
612
602
610
597
601
594
602
602
599
597
596
596
600
597
597
600
597
599
602
599
600
599
597
599
602
606
580
601
606
608
612
604
612
605
603
585
614
607
598
588
612
613
618
588
618
611
619
612
615
612
614
618
607
610
594
605
604
613
608
605
606
606
604
598
598
605
598
582
598
606
607
604
601
605
600
601
603
603
606
605
614
607
615
603
607
618
603
602
600
603
600
600
601
602
614
612
619
609
604
600
603
606
602
602
607
601
605
605
604
606
600
618
612
612
612
611
607
604
604
596
600
599
598
615
615
615
604
607
605
603
605
607
607
602
619
607
602
609
609
607
605
614
616
604
617
601
592
599
598
601
597
601
602
603
589
597
604
607
600
603
592
611
610
584
603
612
609
620
607
612
601
607
599
605
604
605
609
605
603
598
604
608
603
603
607
601
602
603
607
601
602
606
607
603
600
600
603
617
604
608
599
614
601
603
598
598
598
603
603
604
609
604
606
598
606
605
602
607
603
602
602
600
609
602
600
600
607
601
601
606
601
604
593
604
602
601
596
598
593
600
596
600
602
596
602
601
602
601
603
605
599
605
603
599
598
611
599
603
601
606
597
600
601
584
607
610
609
609
609
609
610
610
609
608
608
599
605
590
599
596
603
614
606
603
612
619
616
616
598
610
601
610
599
608
599
600
585
592
598
602
590
601
608
601
608
602
594
596
609
603
600
601
603
598
596
610
580
594
594
594
581
598
590
593
586
591
589
591
585
620
584
597
591
614
586
592
583
587
598
588
587
587
609
580
583
606
584
584
599
590
580
583
584
585
581
580
581
608
582
581
585
582
582
592
591
589
608
585
607
584
593
582
580
584
580
618
619
599
585
610
588
592
592
596
581
580
590
600
581
580
595
608
608
580
618
620
580
580
580
605
587
615
581
599
581
610
602
597
591
587
586
601
617
603
584
594
610
601
615
595
587
588
