1901
7859
7060
3151
4122
3739
4237
7597
3827
4481
7605
7734
5605
4739
3655
6253
9909
2498
4310
9525
8414
6320
5709
3999
7476
2856
8682
2055
6107
9695
7897
7850
4181
5636
9295
4130
7227
4752
8003
3148
7147
3941
8377
6165
7447
9850
2469
2543
8263
3963
7570
7610
3774
6041
9356
4123
8751
3799
9702
7435
9701
9062
4647
8609
8320
7015
4598
2415
1822
6230
6541
8944
2526
5803
1680
7388
6589
4350
7032
4458
1972
4328
6436
6345
8300
4803
6617
6700
6300
7915
2607
3921
9114
8054
7009
2729
7556
6844
3361
6760
4877
6623
6280
7309
9422
3626
7982
5734
7519
9988
3431
1850
5011
5611
5438
5206
4043
4716
1425
3250
6906
9748
9790
2944
9718
3351
8298
8784
7180
6966
8165
8134
2624
4421
9093
5052
9127
7653
1136
2236
4548
9326
7285
4912
3096
9488
3231
1099
4160
1658
5817
6260
3878
5657
4261
4609
3994
9913
6684
4131
9637
7642
2040
2642
3590
5514
1759
5094
860
7658
6334
2503
3229
4560
7979
3025
7729
6503
4025
9689
3358
8589
4437
8291
2679
8969
4486
9587
4964
9256
1812
7433
8462
6172
8688
3943
4208
3049
1751
3617
1609
3264
2630
3755
5617
4870
1431
3925
8938
4185
5063
4225
5140
7972
6950
4655
7727
9930
4115
2698
9727
9103
6555
9427
3713
4265
6208
3958
9062
2105
9364
3853
8915
6023
6653
9186
4291
5683
5684
4107
9505
3929
3584
3403
5634
5158
7952
2761
9413
1968
6899
8204
8394
5967
5256
6331
7398
825
4846
7624
8766
8755
3294
6495
8019
7532
7715
4137
6425
6941
3309
7679
8289
7682
6540
5889
5421
9815
1719
7633
9169
8553
6976
4846
8609
9020
8253
6161
1835
8455
7093
5786
7023
7874
4136
5868
9618
1533
8856
4197
6922
7677
2653
5023
2801
9074
8130
1207
8271
5031
3518
9258
2468
4359
8692
3627
2859
3787
9009
9205
3816
2495
6843
9368
3392
3492
7413
8989
1028
6934
4537
3006
3286
5256
6341
5534
9124
3010
3059
6024
4183
9631
6462
7331
9097
8262
9059
8909
9957
7482
6956
8173
8379
3651
3929
9053
6824
4337
9620
9022
8964
2110
3930
7893
5347
3799
8844
5782
9794
9631
7758
9192
3158
5976
9487
7432
8344
5826
5076
5172
5890
9317
6792
9089
6457
4911
9828
8475
5166
3730
6191
3191
5284
5453
4261
8194
1699
5607
2234
7144
390
2492
7061
8545
3381
7302
4847
8505
9746
9077
2981
2153
4934
3188
9872
4867
5170
2048
2315
6407
8002
8084
6897
4517
3097
6116
7272
6783
4337
2919
5930
8526
3297
5755
9278
7334
2266
6185
8285
4439
5364
2766
5350
1363
2964
2794
2724
9635
9001
8236
5222
1885
8302
5041
5198
8266
8749
8648
7925
7260
2920
7082
8918
7871
6270
4542
7959
7572
9047
3225
6688
1760
8724
5084
9862
3996
5978
3162
9145
7660
7109
4242
5503
5374
9648
6957
3815
5541
8175
9470
7559
8740
8197
3134
2902
9060
9185
6461
3933
1049
2700
7521
3604
4918
2824
8673
3853
7702
9667
9997
3521
4624
9724
6803
3991
3300
1739
3644
5420
2640
7899
4090
3202
5939
4079
2960
7571
3862
3509
2262
3616
5595
8223
8125
3003
9549
1960
5187
5830
4329
8383
5241
7876
8469
6212
3942
6126
4828
9415
6075
9360
4164
5768
8110
8778
4787
6327
8190
9696
7531
3960
5102
3986
3156
4819
8401
2054
1636
2711
7104
5536
3149
7886
7626
9715
4236
9321
5250
2744
1185
2685
5663
3206
9166
4695
3621
9209
9588
6865
5431
8008
2324
7051
4524
7298
7334
4883
7318
8978
5654
2953
6697
2322
6783
6324
8478
8386
7764
2957
4116
6158
2145
798
5115
2992
4139
4121
7157
7227
7100
3456
7433
791
2918
4421
9196
5051
3219
5189
6554
4129
5055
3512
3818
3646
2589
3040
7820
9743
7704
5281
2584
3383
9405
7711
9734
2645
8217
2575
9702
7897
2771
8483
8397
7463
4570
3066
1825
5447
4816
3302
5098
4123
4407
4274
7481
8811
4092
2545
7774
3994
8766
4405
5060
858
3026
2811
9690
5794
9134
7647
9502
3893
8331
6760
9492
5270
4771
8309
2082
5935
7150
3530
1467
7590
5545
3205
7040
6005
1365
2058
3142
5263
1397
7983
5737
2613
8593
9532
3490
1863
7733
9653
4019
4742
2403
5344
5279
9032
2528
6916
9065
6012
4233
3502
2651
6301
1439
4740
5694
8455
7851
5659
7242
2880
9767
8060
2635
2866
5024
8306
6041
8144
2956
5156
8977
8195
4394
9756
6006
1160
6065
2954
9329
4706
5261
5952
5467
8663
3281
9093
7827
5630
5961
4241
1090
1340
7686
4208
2287
8499
6497
3117
1545
9297
2355
2484
8785
3878
7523
7782
7759
8447
8266
5745
3953
6832
3663
7190
9566
7841
1037
7803
3279
8029
2566
7032
3373
3574
4782
5858
6259
4768
3500
5935
8092
4217
3483
6420
6102
9361
2274
5010
8044
9255
8184
7296
8397
3622
9526
6170
3552
4048
7867
3422
5830
6379
4068
9326
6898
3860
7739
3745
5077
7077
5698
5247
9330
7630
4536
4925
8488
8913
9523
5445
9087
6914
8487
4977
3939
2945
5134
8944
8995
4359
2584
9672
5261
7428
7102
6689
4567
2176
4836
2506
6504
8410
3113
1283
9090
9627
4224
1794
7488
2850
1934
2974
6604
2383
6346
9568
4264
5282
1296
9779
5179
3333
2259
7953
2993
9246
6260
8695
6328
7919
4374
8034
8069
4300
1834
2732
4901
8943
2127
5300
4838
8490
3132
4468
9471
8011
2320
5266
4808
5516
9997
3175
7136
6859
6230
3619
5973
7132
4837
678
4923
5294
7843
5726
9655
3418
9560
8363
7074
6663
6768
5494
2361
4227
8913
8013
5804
7525
3114
1907
3907
7124
5615
5863
2806
3427
1679
5339
1216
8641
6515
5503
9471
2971
6240
3489
8121
4781
5133
5829
1781
5671
7164
7375
9140
2592
9854
4784
2362
8031
9615
8848
7509
8639
1414
2096
5584
9095
8361
4694
6889
1553
8101
9721
5068
6749
1446
6207
6914
3302
7475
2626
8402
4792
8336
5426
4182
5026
9252
2338
5997
5058
7014
779
6125
2687
9795
3180
4298
4301
4746
4509
8475
2000
8909
6408
4662
9630
3629
3761
5738
2836
2820
4014
7789
6334
9212
5387
920
9710
4845
7795
7379
6866
8316
8638
7710
3499
2036
2192
7046
4757
3462
1797
2569
1392
4245
7896
4147
3665
9411
9794
6263
2256
7294
6530
5612
7438
6811
9696
7170
8525
3491
5122
3255
9589
8279
2815
6240
644
2147
5216
4659
7819
6821
9562
7059
8074
8525
6510
7654
8823
4767
5909
3232
9809
8894
5201
8736
4554
6068
2206
6998
6875
7817
7636
5044
5370
1653
4073
4260
7657
6472
6492
4950
8188
3388
7134
3535
1161
7175
1165
9511
7624
7423
1645
7798
6040
9444
8168
7154
1799
5105
3184
9173
2362
2920
4889
2896
4049
3875
6011
8666
2498
8742
8205
6500
8115
7688
8091
8866
3824
2232
8743
5693
5464
4855
1277
2216
5927
6591
9192
7132
5314
7359
2489
5870
4561
9618
8174
4415
5207
4872
5408
2365
9006
4965
3290
2903
5649
3052
5156
3039
3873
8904
9312
9790
2359
9362
6628
5392
9207
7502
3973
4906
6523
8688
6416
6084
4569
2491
5861
5098
5919
2316
5672
6967
8045
9599
5563
3633
6943
8113
6788
3195
692
2740
2847
9141
9048
3267
8667
8500
4749
5824
9460
5280
4837
6115
9156
6961
3183
9699
8641
6607
4502
3696
1691
7117
3263
9665
8849
9626
5448
4723
5271
3990
8107
4352
4220
2323
9047
2307
5594
2539
8581
2540
7283
6142
4845
6252
6357
5213
6379
1034
9075
2975
9194
6125
5992
3655
9407
8776
4269
2030
1622
3000
3941
3015
6847
9897
5456
9253
5428
3621
2572
1916
2255
2055
4140
8202
7002
8787
3516
5287
9539
2181
9410
5552
2152
5616
7002
8059
4333
9957
1189
3078
9581
7769
9025
4529
1969
7860
6121
7221
5345
5145
8679
7344
9644
5892
8004
8892
3970
4268
4480
6200
2039
9148
1650
4852
5818
6716
3486
9249
4734
5515
6924
4317
4661
3001
9558
9646
4994
3417
6982
4626
2487
8499
6346
6961
4097
4170
2983
9536
1610
3512
3660
8822
8795
8329
4870
5179
2516
4013
6554
5234
6720
3156
3964
7066
3611
5774
8721
8934
7899
4978
7569
2528
5169
8201
4402
9589
3541
8570
8995
8601
7987
2280
7394
3006
4020
4884
3699
7215
8855
4307
6437
4088
8909
6428
7858
3658
9882
6835
3934
1907
5085
5398
4974
9086
9949
6844
7539
3667
7311
8849
2374
5661
3120
7371
4931
6657
3777
7659
9050
5975
7043
3251
6591
2872
9843
8809
9096
5557
7624
8601
1830
4737
6787
7166
7008
3962
9494
6033
1043
3072
7897
2534
5785
6793
2142
6002
7608
6399
6380
1640
7329
5245
8423
2118
4332
1918
2687
7017
7818
5278
4240
2168
5185
7571
7492
4764
6562
9228
5353
2868
6352
2991
7995
6826
5474
6186
9226
7077
5341
6293
4087
8709
7612
5668
4517
4989
5237
7900
5718
3340
9957
8611
4405
4757
2545
6103
1440
7939
9589
5435
9355
9422
6363
9940
7033
4169
6539
4792
815
3168
9631
8995
1860
6137
3791
5574
6914
5725
1644
5168
9283
4452
9252
4110
5938
2872
1759
4522
2812
2819
1830
2581
7964
2073
1538
6085
4258
9384
4861
4604
5017
6157
5590
6659
7528
9957
5580
5427
4098
7917
7262
4541
9710
7617
4327
5467
5401
3895
8060
4526
9624
7750
2773
7205
7598
8570
4421
5565
4036
3625
6970
9853
5933
6443
2965
6243
3748
9550
2634
4511
6098
6981
7877
7182
5087
5091
3218
6027
1652
6071
6585
5439
6249
7866
9695
9952
3174
4273
9546
7210
9252
5275
6728
9906
3267
5426
9904
1839
3903
3839
6939
2010
8799
9479
8169
5133
4722
3217
7511
3435
8566
4537
5562
6211
3075
5793
6241
9076
6599
7245
7303
6601
9256
8090
6863
4747
2827
2847
9936
2767
6817
7066
5919
3920
3941
3457
2224
2449
2263
6754
6418
6261
6523
4745
6066
8855
7215
8567
3619
8989
4475
6429
2787
6311
6106
5584
4907
7829
5235
9842
5914
5603
9093
5739
1318
3639
4317
3342
7903
3304
8674
3271
3415
3299
2934
7771
3074
1771
9546
8200
9098
9183
8317
4906
4117
3731
7828
6270
5647
3061
7603
8276
2391
9403
2299
7839
8859
9342
9321
3517
4845
3575
9797
8332
3485
9589
3409
6061
4814
5845
4801
1969
8971
9447
8591
7424
6635
9538
8495
5784
6626
4849
2561
8209
6551
7374
6688
8108
3713
9831
3928
1674
7878
1091
9696
5926
5136
1748
2452
3132
7917
7901
8883
2787
7088
9570
5304
8037
9842
5019
4859
3341
4306
3189
3562
3126
5548
7781
3237
3965
5217
3075
8298
2433
7592
6180
9507
4989
3466
7875
3279
5517
9860
3893
7128
7585
7314
6063
6406
1680
9432
2130
6017
5132
8957
7057
3839
4310
7660
6577
1205
7187
9678
7164
8309
6653
9022
7287
7910
2065
9671
7817
7371
2410
3564
3605
6055
4117
4502
7841
4563
4509
5265
9983
4347
1496
9179
7067
3891
2793
6923
9844
8540
4678
3926
3118
6300
6523
7114
2355
9669
7653
8409
9393
2558
5387
1982
4993
9513
5286
5028
8514
2422
4262
7581
5785
8115
9422
5435
9412
8054
5543
6280
7303
2725
5232
5583
8809
2820
5902
9449
5551
7999
2990
4859
9176
9391
7937
4201
3766
9707
6926
7967
6870
7026
9669
4187
9083
1793
6312
3804
8542
4520
5484
3456
4427
1730
8204
5524
5069
8903
2899
2553
9477
5805
4226
7461
4758
3381
3415
5305
6066
4142
9407
6111
5003
2686
6136
8730
4887
8417
9203
3769
9061
3300
7404
6215
4479
6498
6262
2534
8897
6767
6993
5837
5230
7528
6681
8730
9046
5222
9844
8332
4212
4860
8097
7721
4279
7679
1436
6928
4557
5570
4942
8227
7585
4162
7519
9786
7714
2677
7441
9889
4552
8270
9096
3550
5711
5595
9034
4552
9202
1426
5800
8041
4755
2904
7135
5985
3876
2169
7909
8981
8830
4612
3934
7306
8247
4688
2495
8964
8190
5106
5689
8866
3630
9654
5477
