7263
7692
5521
5100
5534
5317
5492
5054
5741
5439
6272
6302
5063
6962
6916
5957
4413
5666
5932
7146
6168
6243
5668
5993
5931
6210
5976
6877
6052
7222
5923
6438
6079
7165
5811
5729
4904
5853
5697
6300
5777
5651
5995
7093
6866
5391
5649
6637
6238
5078
5808
5720
5492
5792
5549
5961
5336
5934
6305
5593
5467
6218
6256
5845
7010
5788
5507
5757
6214
5116
6275
5920
5319
5179
5272
5502
4997
6220
4812
5459
5676
6273
5746
5462
5787
6988
6371
6298
5652
6365
5586
5671
7174
6528
6344
6653
6498
6243
5816
6238
6292
6347
6144
5223
4315
5706
6159
6035
6647
5783
6285
5030
6211
5531
4829
5632
7039
4972
6026
5873
5785
6384
6456
4693
5392
6608
5911
5909
6634
5700
7371
6351
6511
6641
6815
5575
6597
6295
5877
6558
6425
5091
6064
6613
6762
6355
6188
6656
6141
5364
5576
5284
6265
6225
6996
5988
5864
6219
6033
5405
6383
7107
5714
5753
6315
6089
6170
6288
6676
6239
5261
6814
6443
5712
6115
6833
6968
6474
4859
5680
6155
6602
5773
5273
5892
6450
6462
6308
7135
5487
6943
5726
7259
5393
5655
6649
6120
6390
6386
5251
6141
5589
6043
6239
5117
6089
6544
6266
6105
6278
6318
5433
6451
5501
6292
6275
5028
6147
4592
5826
5633
6745
5151
6431
6997
5427
6318
7017
5549
6499
5117
5342
5719
6703
5022
5836
6076
6554
6514
5830
6519
5185
5300
5896
7024
6204
6221
5817
6223
5894
6127
5873
4575
5878
5320
5947
7012
5090
6006
6323
4865
5571
7273
5871
6648
6613
6326
6123
7243
5756
5407
6095
7042
6880
4892
4918
4989
5198
5554
6108
5012
5112
6291
6642
6251
5969
5430
6108
6090
5894
5369
5992
5715
5363
4934
6871
6082
5984
5614
6394
5754
4975
5641
7132
6827
5535
5164
5750
5966
6324
6488
4844
5354
5668
6280
6254
6653
6355
6379
5818
5453
6342
5729
6280
5917
4593
5915
5150
4973
5706
4834
6327
5411
5635
6404
6068
5550
7211
5315
6405
6055
5724
5976
6258
5381
6432
5826
5750
5514
6058
5502
5549
6579
4902
6207
5735
5452
5353
5131
4694
6253
6241
6238
6789
5384
6282
5625
5651
6213
6195
5245
6561
5549
5805
6832
4973
5532
5676
6679
4636
6168
6313
5976
6044
6929
5296
6222
6680
5610
5800
5036
6324
6375
6881
7039
5528
6003
5785
5760
6156
6593
6113
6280
6320
5091
5246
5301
5863
6754
5811
4883
5638
5708
5863
5862
7292
6629
5153
5880
6050
5445
6766
6650
5921
6190
6415
6242
6102
6436
6162
5944
6412
7469
4938
6471
5599
5262
7022
4687
6170
6326
5555
5626
6329
4943
7097
5567
7202
5326
5942
5700
5774
5313
4991
5082
6351
5018
6638
6105
5503
6332
5806
6431
6239
6950
6916
5487
4581
5070
6347
5598
7044
5536
6073
5427
6631
5754
5602
5578
6362
7021
5932
4986
6643
6370
5777
5572
6328
4942
7272
5507
5852
6464
6181
5692
6275
6314
5988
5877
6298
5767
6521
6200
6887
5555
5231
6700
5825
6734
5463
5380
6741
5648
6118
6439
6694
5875
6153
6056
6811
6039
5933
5562
5869
4579
6298
5877
6802
5633
5197
5719
6210
6329
6164
5967
6157
5725
5365
5839
5895
6512
5985
5225
6531
6509
5870
6753
6991
5519
4964
5863
5221
6257
5505
6327
6590
5571
6265
4842
5395
5451
5766
6226
5664
5545
5969
5422
5117
5580
6767
6037
6438
5908
6076
5799
5245
5691
6446
6332
5603
6694
5970
5634
6138
5809
5669
4911
6304
5871
5607
6304
7916
5999
6398
5478
5768
5518
6294
7106
6591
6233
5872
6492
6280
6205
5530
7067
6290
6382
5595
6132
5938
6225
6379
6663
7271
6539
5373
5957
5327
5387
5887
5747
5614
5762
6178
6304
7759
6848
6214
5894
5924
6955
6041
5006
6542
6465
6596
5624
5276
6153
7069
6072
5414
6292
5825
6349
5744
6224
5402
6335
6561
6527
5627
5986
5781
6067
6414
6170
5972
6335
7199
5090
6308
6183
5853
5448
5365
5694
6832
7296
6402
6585
6458
4814
5535
5106
5953
5776
6214
7209
5626
6179
5707
6068
6193
7385
5555
6462
7030
5817
5358
5813
6952
6210
6952
6302
6985
6801
6985
6164
6580
6044
5448
6335
5511
6514
6729
5209
6981
5192
5091
5685
5988
6791
5229
5623
6520
7154
5550
5928
6455
6013
6468
6237
6765
5354
4890
6493
7052
4975
4935
6425
6177
6719
5419
6622
5984
6026
5799
5471
5067
5738
6743
6298
5356
5435
5687
5128
5963
5527
6970
4409
6511
6858
7709
6089
5752
5587
6252
5927
6460
6669
5627
5372
4893
5316
6068
5809
5237
5986
6241
7161
6438
5975
5521
6572
5684
6365
5505
6322
5976
5702
6126
5722
5842
6935
5240
5507
6369
6160
5521
6435
5889
6393
5159
5871
6564
6440
5663
6040
5571
6733
6717
7353
6718
5491
7069
6233
6112
5130
6519
6182
6154
6674
6547
4855
5098
6465
5437
6551
6172
6165
5565
6348
6445
6635
5923
7502
5952
5652
6720
5883
6673
6954
5803
6411
5892
5875
5596
5479
6486
5150
6339
5076
6431
6758
6258
6336
5299
6616
5136
6110
5094
6436
6036
5389
6427
4854
4884
5786
5691
6679
4910
5643
5434
5929
6132
5570
7054
6217
6491
5626
6526
6079
5174
6389
5395
7312
5274
6053
5826
5283
7880
6399
6150
5362
5345
6317
5737
6853
6256
5929
6270
5661
6050
6096
6071
6600
6234
5855
5865
6179
6340
6081
6639
6526
5530
6305
4958
6003
4726
6401
7345
5913
5912
6527
5698
6636
6502
6277
5872
5648
6344
4978
5472
6205
5881
6415
5160
6868
4706
5611
6523
7624
6162
6534
6084
6041
6554
5943
5535
5408
6144
6751
5686
6545
5726
6311
5700
6597
6687
6408
6381
4842
6944
5569
5499
6065
6016
5946
5717
5232
6400
5703
5646
6908
6988
5131
6767
5762
6158
6069
5705
6433
5802
5826
6457
5851
6522
6283
6913
5017
5860
6216
5818
4705
6687
6226
6554
7185
6665
6647
5425
4627
6578
4475
6595
5852
4870
7895
5954
7441
5245
6139
6219
5745
5352
5415
6208
6207
5584
6519
6149
5075
6152
5479
4894
6143
5823
5040
5718
6885
5778
5464
5872
5547
6131
5167
6075
6682
6191
6258
5496
6113
5564
6445
6386
5935
5968
5772
6215
5851
5806
6267
4794
5398
6636
5627
4793
5888
6334
6988
6790
6816
5259
6038
4807
6854
5223
5040
4718
5801
6012
5989
6579
6578
5191
5634
6084
6710
5442
5213
5389
6152
4958
5675
5449
6216
5867
6233
5707
5805
5214
6054
6417
6029
4992
5791
5723
5524
5602
5823
6071
6456
6489
6440
7131
6338
5673
4606
5680
6395
4908
7232
6195
5512
5359
6189
5360
5600
6146
5686
6054
6416
5649
4785
5526
5168
5769
5287
6315
6613
6307
6029
5108
5110
5957
7009
6840
5894
5934
6222
5846
6600
5237
6153
4973
6404
5297
5648
6862
6332
5954
5671
6368
5554
5530
5342
6497
5794
6535
6265
6619
5551
5961
6291
6156
6137
6265
5440
7294
6614
5808
5364
7606
5683
5314
5672
5784
5533
5816
6230
5768
6601
5718
6464
5156
6429
5340
6356
5799
6328
6017
5621
5847
6045
5513
5877
5832
5620
7526
6547
5545
5780
6200
6452
6339
4991
5466
5201
6439
6555
4869
6346
5794
5891
5305
6609
5775
5832
6882
7139
5437
5138
6212
5366
5405
5079
5630
4493
5719
5650
6183
5687
4864
5635
7096
5933
6425
5776
6723
5748
6092
5569
5731
5938
5665
6056
5736
5570
7079
5489
6153
7098
5260
6360
7390
6400
5643
6521
6149
7131
6525
5401
6367
5809
6926
5653
7142
5572
5702
4863
6180
6742
5311
5414
5819
5968
5779
6167
5592
6320
6558
5287
6025
5478
6123
5852
6250
4875
5846
6040
6319
6200
5597
5761
5699
6899
4697
4889
6719
6102
5490
5608
6410
5444
6393
6522
4808
6591
5016
6118
6419
5361
6274
6911
5766
6411
5937
6461
5855
5570
6284
6260
6129
6076
6830
5901
6566
6530
5383
4873
6550
6198
6505
5920
5563
5528
6312
5827
5846
6259
6349
6320
5449
6225
5892
5277
6003
6662
6143
6842
5756
6170
6939
5025
5736
5661
4780
5741
5090
6635
5870
6143
5591
5792
7641
5643
6352
6219
6983
6690
6218
5050
5475
6550
5907
5842
6375
5328
6835
5697
6713
6166
5223
6672
5796
6548
6030
5453
5661
5632
5237
6065
7442
7108
7072
5908
6336
5949
5542
6542
5909
6255
7110
6121
6570
6275
6203
5619
5974
5701
6197
6050
6590
6313
6126
7356
7124
6276
6751
6751
6598
6179
6025
6985
6190
5870
6155
5696
5868
5382
5492
6887
6077
7046
5351
5674
5458
6211
6182
6884
5862
5886
5759
6115
5981
5582
5429
5810
6212
6563
5979
5521
6140
5860
3898
5199
6630
4866
6515
6535
6113
5034
6962
6747
6877
5458
6615
6417
6110
6580
6927
5423
5872
5419
5948
4964
6162
6566
5176
6067
6079
4986
5484
5791
6003
6806
5715
5953
5913
5817
6180
7022
6937
5640
6125
6214
6539
6060
6572
5681
5843
6070
6805
5156
5457
6145
7180
5983
6197
6807
5640
5570
5782
6285
6845
6529
6437
6470
4620
5091
6057
7438
6260
5516
6522
6432
6696
5560
5748
5233
4703
5605
6690
4967
5777
5743
5410
6126
5211
6140
5612
6794
4506
4476
7011
5072
5945
5795
6040
7313
5514
6299
4925
7400
5640
5816
4724
5852
5679
5373
5306
5291
6059
5348
5874
6402
5476
6538
5706
6809
6036
6280
5586
5818
5056
6167
6259
5692
6828
5254
6316
5429
5900
6655
6871
5848
5457
6355
6120
5619
6270
5869
5817
6863
5322
5904
6006
5775
6330
7040
6784
5562
6429
5429
5607
7197
6211
5473
5325
7422
7223
5618
7106
7650
6542
5814
5012
5124
5963
6013
6613
5740
5399
5041
4821
5644
6268
6371
5926
6522
6315
6129
6417
6785
5822
6719
6556
6429
6430
5638
5588
6266
6359
5465
5847
5484
7038
6008
6309
6425
6418
7379
5347
5635
5302
6258
6493
6069
6573
5776
5395
6631
5061
5583
6034
6952
6400
6441
4858
5567
6652
6093
5484
5715
6898
6323
6415
5654
6439
6302
6158
5773
4459
6549
6368
5748
6135
5640
6738
5024
5985
6495
6424
6026
5584
6168
5562
6794
6509
6085
5644
6236
7641
5684
5116
4844
6462
6462
5915
6882
5813
5523
5384
5730
5105
7283
6634
4686
5664
6029
5819
6547
5500
7079
5874
5620
5705
6875
5490
6597
6355
6536
6693
5667
6821
5380
5194
6854
6101
5356
7340
5887
6043
5324
6311
5400
6586
4457
5831
5601
6228
6165
5822
6021
5573
6366
5986
5914
5069
4989
7152
5892
5107
5806
5679
6234
6115
6030
6151
6954
5831
6681
5693
6439
6262
5483
5533
6067
6105
6225
5805
6630
5713
6118
6189
5622
6721
5714
7196
5906
6088
5645
5979
5886
5753
5980
6576
6279
4624
6227
5343
6225
5472
5436
6017
5751
6543
6071
6499
3761
6250
5554
5667
6154
5802
6364
6216
5232
6656
5738
6482
5478
6023
5369
5860
5553
5626
5297
5384
6325
6412
5311
4988
6799
4994
5821
5969
6446
5414
5907
6265
5981
5822
7005
5938
6562
5596
6294
6462
6251
7486
6232
5488
6028
6027
6107
5661
6281
7087
6520
7364
5718
5421
6622
6931
5661
6283
7025
5048
5279
5449
7126
5666
6314
6162
5607
5850
5701
6569
5602
6043
5898
5641
6557
5290
6001
6208
5135
5616
6096
6066
6469
6009
6213
6537
6256
5777
5687
5689
5176
6303
5800
5997
6056
6224
6154
5781
5874
5806
6128
5999
6808
5985
6177
5890
5902
6502
5511
5512
5361
6286
5872
5018
5325
6763
5972
6333
6550
4911
5703
5610
5843
5882
4712
6600
5459
5714
5871
5690
5962
7015
6557
5540
5930
6159
6155
6581
6571
5774
5615
6021
6013
5098
6314
4413
5011
6919
5933
6394
5202
6416
6681
6882
5867
5277
5658
6255
5859
5133
6214
5451
5486
5742
6987
7245
6086
5827
5359
5811
5119
6426
7068
7217
6335
5774
5661
7578
6077
6994
5809
6005
5906
6770
6225
6524
5691
6349
6477
5437
6074
6215
5455
6013
5671
5407
5374
5543
