3351
3225
12690
12539
789
6629
775
791
786
820
819
799
767
797
766
796
796
3188
3204
3299
825
6135
6101
1617
3853
1618
6569
3220
25545
826
812
841
42657
382
782
389
12388
32250
33056
387
598
6306
12656
32585
3245
32181
9779
6606
616
416
32252
768
12757
1530
1545
831
3212
3240
3180
3297
600
6152
3056
781
810
3357
763
841
3060
3349
3238
3120
3325
3235
3354
3266
3186
771
780
3196
3309
1594
25835
3116
3313
3211
3104
1665
1641
1586
1611
404
25595
3113
6115
6166
1549
1559
20721
26854
26307
26514
6358
3324
15153
2477
2487
3292
387
393
397
393
2354
1680
397
403
18269
18260
6582
626
626
625
624
622
622
621
3340
603
3320
627
627
627
628
628
3349
586
605
615
12753
2307
2319
3213
3079
3234
3206
3369
3181
603
603
602
603
603
603
603
603
603
602
602
603
603
603
13027
8485
31576
387
1616
1544
15108
815
1610
406
625
23018
3157
24642
3239
1625
1615
1632
1627
1608
1576
1589
1604
3058
1626
1614
1605
1583
1575
1584
1593
1575
1569
1564
1594
1606
1611
1615
1590
1619
1592
1629
1659
1680
24946
12443
312
3312
1598
1593
1583
1591
25611
828
409
605
1620
399
805
1216
1615
406
835
621
807
800
1525
12891
1684
1531
408
834
26676
1652
3283
384
400
790
790
790
768
796
797
797
798
799
803
805
805
1566
1681
1565
1604
25006
384
799
1196
1584
6562
6193
3058
770
3071
786
839
1617
3185
6180
473
473
473
490
477
486
480
1684
3100
12998
12948
604
832
778
775
799
803
778
814
799
778
765
631
404
387
386
391
3161
2591
413
835
2342
834
6369
798
42964
840
828
19407
12491
6159
12832
3086
807
19165
25585
3193
26930
26930
26931
26389
25941
806
1601
6142
6358
19667
6286
19994
19854
3264
1649
404
3151
807
778
789
7194
12611
6657
3234
3214
26803
3231
789
823
6709
26555
1587
794
1253
393
394
1572
9599
1511
2419
1544
43183
1506
19942
6153
802
612
1535
1543
1605
774
1206
1565
1488
1559
1549
1577
1502
1541
1525
1565
11699
11637
11817
11534
11879
11851
11644
11495
11685
11574
11544
11515
11586
11730
11530
11770
11490
11530
11570
1578
1571
1504
1558
3259
40017
1631
1502
1586
3134
3124
3132
3129
3129
3144
3153
3136
3130
3166
1508
3225
3142
3139
3197
1581
3233
1489
3176
3137
1614
5043
3124
3136
3124
3123
1650
9524
1479
3183
1623
3125
3131
3117
1519
3125
1627
3124
1554
3135
3124
3154
3147
3145
1632
3221
3122
3127
3137
3145
3134
13290
3174
2465
3148
6133
3142
3165
3135
3120
3123
3127
3152
3152
3116
3126
3118
3127
12372
3125
3259
3291
3144
3166
3158
3188
3156
3136
3149
3133
3124
3232
3206
3128
3246
3140
3132
3194
3146
3144
3130
394
3109
3133
1529
3142
771
3178
19084
3160
3145
3197
3195
3166
3199
3135
3231
19089
6594
3222
25493
26955
3250
1570
15349
3169
3188
3150
1551
13454
3137
3214
3135
3154
3139
3127
3121
3121
3192
3148
3158
3132
3141
3150
3141
3143
3158
3197
3133
3130
3118
6721
3126
840
3190
3200
3120
3133
3148
3140
25198
15409
3130
3125
1525
3145
1567
3141
25242
1507
3147
3159
24637
3152
3236
3182
1516
1478
3150
3130
3139
3140
3234
3185
3127
3137
3189
3188
3159
3182
3143
3218
3215
3146
24587
26831
3143
3156
3145
3154
1659
3275
26109
3222
1613
3140
3172
3186
3140
3124
3127
3230
3194
3150
3265
3167
3166
3134
6651
3144
3136
3135
3173
3147
3160
3145
3131
3115
3126
3130
3121
3191
3148
417
6584
3130
3131
3137
3132
3135
3140
3124
3125
3123
3145
3152
3146
3124
3131
3176
3117
3127
3124
3178
4930
3125
3193
3168
1664
3195
3231
3296
2355
3157
3161
3265
1646
3158
3136
3207
3199
3130
3146
3124
785
3118
3126
3147
3117
3129
6538
6212
781
470
3133
3140
3331
3356
3129
3206
3363
1598
3122
1627
1627
3137
809
1628
3120
3194
1599
1657
1549
3129
1539
455
3149
3156
3202
3124
3226
3145
3231
3181
3135
3124
3123
3130
3123
1603
1549
3123
3130
3121
1527
1671
1561
1502
3207
3208
3141
3193
1628
1511
1536
1536
3143
3133
3201
3191
10645
3132
3127
13398
3129
6644
3149
1590
3159
1147
3161
3151
3124
3224
3140
3127
3127
3150
3127
3146
3129
3265
803
1600
788
3182
1527
3155
1632
3158
6431
3169
3155
3103
25034
3174
3120
15578
3231
3177
3199
3183
3275
3279
3219
3123
3172
13007
393
3124
3127
3120
3204
12248
3425
6523
6367
3171
2401
1389
3125
3194
791
3132
3125
3119
25313
3117
3112
3134
7145
6419
408
2409
3813
7253
9598
7914
25376
779
787
1582
825
12194
12493
3337
383
777
772
31158
3343
3967
6211
418
6386
15537
2490
2393
26456
1651
1587
1580
1673
819
1681
1669
25191
1571
12600
1685
1641
3100
3144
3097
3125
3119
1566
3146
5895
3117
3118
3140
3190
1595
1536
3128
3132
3140
3216
3166
1532
3124
3122
3125
13163
3118
12303
1517
3252
1565
1502
1624
1498
1515
3126
415
3127
3123
3134
3135
1672
3198
3135
3159
3122
3109
3129
3116
3140
3112
5028
3121
1563
3172
3123
3144
1657
1552
3103
824
5048
3104
3105
7722
31306
3113
1684
3130
3151
4066
3115
3115
3146
3170
3106
3112
3112
3206
3158
3113
3125
3111
3117
3110
3106
1517
1548
3114
409
1516
3109
3109
6313
3093
3109
3109
1615
1488
3113
1519
3106
3120
3112
3108
3103
3099
3104
3095
3103
3113
3106
1682
3114
3105
3105
3102
3094
3094
3109
3102
3106
3104
3102
3146
3103
3183
3113
6132
6026
3124
3120
3148
3230
3148
3258
3203
3251
3224
3270
3095
3127
3122
3129
3140
3175
3123
3163
3104
3132
3147
3117
3162
3108
3124
3096
3121
3111
3191
3184
5957
1659
1528
3135
3174
3087
385
3153
3176
3122
3111
3122
3138
3113
3119
12370
3118
3136
3122
3131
383
3103
3114
3126
3161
3106
3107
3119
3126
3147
3143
3121
3119
3107
3159
3159
3215
3195
3179
3135
3128
3141
3129
3125
3108
395
6719
1682
12976
3257
3157
4920
6294
12688
3246
3289
3139
3176
3116
3116
3124
3128
3118
3131
3115
3111
3119
3107
3111
3101
3145
3129
1553
3128
1622
3142
3154
3164
3130
3128
3137
3124
4709
6279
3123
3130
3120
3131
3118
3173
6267
3121
3132
24713
3121
3143
1556
3142
3139
3116
3126
3136
3120
3195
3149
3129
3122
3182
3122
3169
3117
3128
3116
3186
3130
3119
3118
3111
3111
3131
3105
3126
3116
3119
3118
3123
3140
3116
3119
6162
3117
3108
3127
3100
3110
3133
3116
3115
3167
3131
3118
3117
3127
3130
3121
3116
3117
3126
3199
3108
3132
3183
3124
3123
3126
3133
3117
3115
3123
3129
3214
3107
3181
3215
3098
3154
3104
3109
3109
3105
3110
3121
3112
3124
3134
3119
1643
12008
778
3113
3134
12563
3105
3120
3159
3113
1522
24312
3176
1499
1620
1493
1518
3330
3297
10023
4187
1531
1607
3315
1547
1620
12934
1520
1624
1498
1520
1594
1578
6479
780
780
