25735
31769
35897
25897
27306
24464
39251
32692
31020
22579
35680
21330
30079
23134
30820
35722
27415
28078
27350
30259
36509
23921
36705
28414
26548
29040
27228
29299
32347
26339
22008
25985
28477
29029
28755
34015
28604
21855
27029
19269
25930
23680
25340
28709
24094
30857
28162
29808
28573
27324
26669
29727
23336
24498
29398
26713
31721
28733
33487
24128
22979
20827
30362
29330
24250
35150
23269
28592
25947
30657
34310
32536
25764
24324
27040
23155
30742
23835
23051
26673
33948
38394
22661
27230
21358
19971
23438
26977
28245
26943
28862
25797
22150
20975
22836
25996
22163
27491
26023
29984
31417
6600
1999
7390
7174
7187
4744
29012
25001
38644
28591
30068
27863
33402
32451
36210
34610
25303
27166
26005
26871
36449
36031
30144
22372
25499
30743
26885
29121
20774
20765
27443
24606
18898
22273
29610
24215
21157
22760
25760
30854
23431
19894
23632
26604
21939
28846
22256
23399
25791
25336
24284
28277
23856
19813
22835
23907
27881
28216
29203
24273
23854
35613
23515
26252
27107
33166
30161
23842
21927
23267
30750
21883
34354
33137
24611
25972
27924
22706
24257
25330
25645
21781
22247
26066
33732
21478
22570
28016
23504
27772
24947
40155
42027
29874
24856
26806
25144
37007
28870
29857
28519
24978
34650
22480
25408
28499
26468
41579
31804
32285
31489
37422
36837
22033
30308
23677
27246
24319
26830
27250
27517
22555
36285
23710
37571
28856
31318
37887
26741
29048
32732
29636
26440
28425
29078
26325
29342
28744
22165
27603
26370
22535
22999
26904
29074
28241
33801
28566
28978
28396
19351
26232
27704
26594
23914
31176
31782
29844
20162
22983
24297
29299
27212
35433
23250
28532
33967
23674
23696
32466
29849
29370
24800
23575
30843
27327
25005
31317
34576
35708
40912
25609
23869
26920
19588
23329
24149
23092
26737
26438
21949
23125
27287
20126
27028
27880
27640
26996
28614
30770
21992
23551
26280
22855
25822
30123
38043
29634
25247
31881
28037
33754
28767
29125
34730
25292
27409
35306
33793
26001
29586
36264
29822
26300
27751
20291
27820
27014
28460
22014
24801
24419
18633
22084
20189
25937
31035
22039
22562
29829
28640
23358
26610
23644
20778
25737
25666
22071
23390
21310
22462
28391
23552
19997
23773
24522
28214
28445
37089
23327
25594
23687
23640
27785
23905
29134
23737
28353
32708
21694
34125
31754
30211
22554
28653
22354
25025
24115
26031
25590
32313
21245
24976
25569
23328
28714
24663
22285
22246
41552
30488
24899
26982
23216
25826
24881
37475
29191
40334
30453
27549
25809
35018
23104
28990
15355
17364
15888
16570
16245
17439
17363
17174
17318
16993
4792
838
962
831
711
488
21305
668
21183
484
36005
15887
13971
13727
2183
724
588
1987
638
716
485
9168
31792
31715
31675
31495
31435
26359
2075
3351
23783
1082
3044
3044
904
5004
4936
4934
4932
743
741
1785
1042
5884
6690
722
680
1501
1401
1400
1399
1402
1399
1400
1400
1407
1400
1400
1397
1401
1400
1401
1400
1400
1401
1570
1401
1400
1400
1400
956
1412
1401
1403
1399
1400
1402
1401
4755
1720
877
412
754
2037
709
953
905
679
628
17011
17296
15499
15664
16270
17527
16185
17050
16091
17850
15979
16432
15927
15902
17964
19158
15663
16217
16599
16529
15374
18328
15155
16880