3807
2297
1847
4830
1621
2331
6408
4730
1608
2777
5371
2211
1947
2368
2142
2086
3944
3629
5795
4479
1959
2338
1634
4429
3992
1700
2278
3601
3639
3502
3118
3970
1878
2867
3282
1418
2544
3934
3381
2848
2035
3690
1370
3905
6800
3452
7169
1776
4712
4879
3738
4112
2661
2783
3060
3570
3592
3437
4489
2074
4586
2341
9232
2273
4469
4403
3362
3639
1538
4849
1632
1326
8478
2998
3815
1526
3595
3963
3316
1925
1760
4610
2571
1896
1448
1874
5092
7251
6005
3389
3638
6156
6474
3486
4115
2653
5168
1531
3919
3211
1992
2315
4006
2357
2257
6768
1879
1789
1797
5382
4666
2622
3724
2425
3067
2236
3179
2255
2004
11455
4133
7708
1996
4535
5158
3631
3028
2113
2101
1665
2873
4839
2682
1862
6916
2084
3119
1565
4780
2362
3252
4780
994
2580
3396
1420
1784
5086
1109
2721
5589
1770
3039
4288
3013
2166
4909
10403
3423
5300
1536
2686
2103
5830
3863
2829
4391
3252
2782
1582
2746
4861
4582
2571
5570
1151
2891
3808
1524
3450
2338
3785
4674
3453
1466
6301
5508
1803
6173
1111
2120
1487
2875
3516
2556
4535
6198
3346
1533
11358
2562
3728
4729
1401
1899
1941
2588
6757
1236
1176
2593
2193
2433
2688
1974
2288
11223
3660
1760
2256
1787
3921
5456
2493
2969
5346
4052
7394
2411
1746
3783
3954
3118
4042
1727
1759
2201
4033
4253
4465
3090
4297
3917
2338
1504
1643
7003
3169
2425
6475
1052
5113
2424
4064
2321
2583
3141
3350
3429
4151
2818
1847
5233
3394
3781
3690
2728
8359
3275
2151
1706
3244
1647
1084
1627
4434
2312
1931
3820
1788
6131
2359
2343
863
1692
3040
3464
2544
4843
2093
4476
5335
2086
2481
1401
1546
4352
3617
2400
6368
6283
3423
1070
5884
5605
2012
9485
3890
1974
2039
3320
4475
1899
3029
2594
10090
1462
3305
1426
2610
3761
2063
4213
1224
8217
1893
1757
3678
1557
3579
2399
2543
1458
834
4183
2206
5641
1644
1963
6208
3018
1200
3335
4809
3448
4247
2300
3109
2043
2616
4523
1086
1984
1394
10329
2277
1772
1725
7094
3234
3248
1274
2872
2604
4452
1003
5796
2396
3961
7784
2141
4304
1363
4457
2700
2413
3131
2986
1707
2638
5985
3240
2250
2989
1389
6413
3784
2856
2350
5460
2619
2172
4344
1628
3003
4796
2684
2026
3002
3633
3141
3449
6113
3912
3760
3244
4964
1609
1970
3183
4585
3216
3028
2670
3753
4514
2086
3111
1736
3287
2506
3027
2058
2013
3598
2061
3006
3464
1152
845
3126
3677
1524
4386
3643
2928
3033
2554
4431
1342
2991
15221
3036
4082
2814
5521
1077
2106
4052
3756
4728
5041
1854
2858
1410
5351
3161
3348
5281
838
2208
5134
2181
1218
4013
3577
3015
4630
2202
3055
3428
2278
2072
2821
2418
2054
2329
3973
1404
4758
3497
5950
2288
4999
2607
2802
864
3137
4034
4857
3254
5662
3017
2113
2601
2954
3853
1759
1593
2352
4423
1470
1320
4330
2520
2518
1052
1884
1326
3260
2599
9461
2444
6976
1544
2218
2530
3343
2472
2061
3622
1611
2589
3279
1568
2136
1747
3151
3018
2208
1481
2636
7736
1517
2324
3914
4495
5870
4280
1738
3069
583
7601
5595
1742
1481
3865
2071
10749
1892
3099
4254
2245
1860
4479
4644
3116
2034
761
3388
2435
4552
1614
2440
3716
2415
2844
1774
5399
2458
2314
3677
3430
3193
2138
3246
866
2568
2583
3653
1996
8523
2932
3689
2204
2393
4225
3046
5585
1637
2328
1677
5543
5407
5048
2085
5014
8914
3116
1232
5347
1779
3433
3120
5550
2691
1952
2173
2632
3071
2823
1082
3843
4741
4152
4640
1790
2163
1643
3151
2290
3507
3256
2542
1150
5343
2371
1839
1837
4526
2718
2969
1975
2457
4698
3921
1955
1492
4440
2374
3820
1716
3002
3852
4542
3096
4250
2123
1532
3033
4469
4785
4387
2176
5084
1221
1522
2229
5322
2926
1815
4443
2093
2780
4498
4161
3846
1555
4296
3558
4336
8670
1290
3956
7529
2198
2140
2253
3009
1970
1914
3382
4277
1192
3078
1257
2275
1343
2009
3267
1679
2844
697
3505
1610
3607
2654
4130
5538
1768
3961
5137
2939
2669
2862
1735
3971
4082
3586
5739
9161
1947
3260
2959
3215
3857
3479
1700
2497
1121
2291
1925
4209
3995
8198
1984
6896
1038
6796
6136
2234
5013
5784
2491
5944
1367
3321
1327
2863
3266
1586
1369
2668
3332
1973
3150
2471
2390
3600
2617
2006
2659
2271
797
3370
1385
1810
3720
3902
3863
2836
2423
1460
2200
1803
1769
4936
2051
2476
2891
2130
1386
3081
1887
1947
869
1612
3099
5980
1519
5286
2657
3889
5510
1773
2166
2081
3052
3476
2345
3603
1158
3827
3653
2295
1377
2039
2137
8825
1563
2681
3324
4665
7861
1784
2302
1197
1764
1802
4449
4816
3958
3857
1428
2515
5307
1712
2316
4585
4202
1935
2252
5924
2039
3154
2880
2234
2435
1920
6535
3521
2460
2319
16373
1299
7354
3338
1839
4721
1753
5138
2477
2876
3116
10948
2347
3801
3878
3884
1780
7641
1804
3335
2767
2054
1822
4651
6584
7959
3772
3588
1375
4052
3725
2793
1691
4883
2113
6251
4225
3381
1373
2256
1988
3864
987
3746
2915
6752
3464
2308
3197
3863
2274
1544
7186
4203
7192
1902
7950
3935
3824
1499
1945
2078
2094
3751
4237
9410
5155
3096
2836
889
3151
1265
3242
2562
2108
8478
2484
4678
4848
1662
2064
7142
2007
1404
5897
1109
4797
3114
4964
2464
3600
1385
3229
6235
3272
7631
2751
1508
6461
2213
1701
6061
1605
4360
5200
1776
3301
3639
3912
4796
4904
2034
2223
1651
3330
5616
2192
2322
3479
1062
3091
1544
2083
2283
2205
5624
5709
12495
2232
2288
3264
5745
2264
3305
1492
2174
3956
1978
5413
1366
3633
4746
2302
3658
2543
4098
4108
1775
2287
2965
2441
1008
4324
1274
4091
3949
5282
2284
3104
2926
3597
3472
1881
1759
2531
1610
3350
2290
1532
1839
2203
2525
1416
4354
2387
2531
7934
2168
1940
6953
3153
1234
4494
4097
6466
2903
3633
2524
2020
4291
7470
3069
3929
5918
5987
2626
3536
6799
1541
3528
2426
1595
4572
1854
5977
3932
7839
4819
1670
3761
6107
2210
3272
7105
3010
1728
2256
2671
1984
3778
2890
2224
2354
6160
7398
4021
1761
3537
2862
4410
1758
1324
2928
2296
2638
2465
3194
5249
4878
1713
3026
3502
3117
1881
2634
3947
2099
2677
3274
3405
2399
4689
4578
2178
4251
3802
2196
1939
4618
2471
3917
1535
2706
3668
2543
4563
5564
1359
4252
2394
2896
6646
3306
4999
4397
7831
2346
4079
1280
6778
2407
4499
1509
3739
2011
1326
3612
5387
4928
3689
1844
1846
2983
7049
3334
1841
1636
1785
5748
4615
3003
1289
1314
2589
1624
2496
3094
4782
3489
2797
1418
2318
2839
6813
3607
5084
4812
4843
5089
1844
1869
3913
1629
3524
3624
1576
2821
6963
8567
2854
1837
1938
6828
2468
1712
4790
1609
1197
6617
2182
1235
9596
5930
2409
2127
1226
5716
4402
4482
1049
2976
993
3461
1774
1494
1291
2784
2491
1879
1590
4947
3000
6365
3882
3307
3993
3180
4206
2858
6755
3947
3937
4045
4410
1500
3615
2593
4140
3513
1545
8832
3075
3395
2649
3861
2153
2312
836
6462
2505
2323
2012
3059
5367
2070
3489
3274
3396
7538
4794
4721
3619
1547
3481
1182
2057
4090
12387
1871
1955
3219
3438
1462
1839
1627
3901
3496
2768
5076
2086
1604
2005
3632
2317
2553
2661
2855
3602
3406
2823
1394
2824
999
2373
4568
5063
1000
1228
2933
2692
3887
3659
1954
3035
3072
1924
1434
1591
4191
1835
2877
1297
3405
2734
2486
1696
4358
5184
2873
4485
2210
2792
2478
4458
2653
2065
4561
3380
10700
2634
3687
2040
4495
4135
2221
1852
3473
2118
1763
4872
4067
2825
2012
2272
1929
2603
1349
1974
3890
3440
6866
2213
1402
2705
1377
3351
2035
4992
1334
3283
1560
3617
2649
2278
2285
9832
3130
4131
1403
2679
4052
1057
2415
2029
2200
3839
8578
3208
1097
2548
4128
4027
2562
2315
4670
4471
4317
2906
4291
2200
2671
3243
2164
3971
2977
1287
2231
5939
2652
3327
3173
2392
2272
1478
3736
5808
5240
3068
1847
979
3498
3490
3542
2360
4783
1183
1920
1496
5018
2868
1460
2220
4451
11910
4308
3572
4045
3902
1466
4832
4208
1575
2647
2891
2682
2231
8104
1348
1379
3893
1818
2323
6082
2490
3820
4969
5653
2730
2285
1804
1720
1949
4592
5365
2943
3496
1163
2941
6592
6002
1566
3989
1346
4316
3985
7076
1953
1792
4224
2919
4868
1638
5765
1324
2503
4965
2011
2037
1874
1828
13037
2538
1805
4436
2499
5225
3356
3351
2150
2026
3507
2979
6241
1440
2670
3203
3151
2090
6014
4042
5660
4154
2413
2568
1489
1422
3209
2462
1402
7192
3686
1331
3904
2272
3296
3322
7681
1487
2574
4119
6914
5820
1895
4209
2814
1381
1644
4349
7853
1881
1726
3737
7650
3354
2869
1247
2541
2654
2381
3754
1709
3470
2830
5056
4904
1542
7239
1836
1897
2822
6289
1904
5049
1675
3804
2994
6325
1742
3038
1953
1924
1504
3948
4872
3351
1661
6017
2241
3631
2988
3361
2043
1356
2608
1041
2628
7336
5505
4336
8759
2378
3015
2327
4793
2770
1177
5109
2623
4552
2677
4551
2598
1928
2454
3510
4555
630
3122
1034
1229
3765
3370
2264
2717
2230
6535
6125
4015
2835
5172
2191
6245
6706
1777
1251
2407
2918
2364
2386
1089
3110
6665
2462
2890
1850
1292
3250
2011
2958
6009
2695
3665
3717
2752
4255
4073
1779
2820
1887
3393
1601
2218
5664
2010
3228
3758
1982
4917
2032
2427
2350
4541
2320
6102
2769
1566
2989
2815
2461
1482
3330
5913
2969
1925
2881
2652
3062
2307
2971
2023
5147
2522
1842
4592
4167
2582
3321
1230
1782
1007
2157
1816
3039
1758
4744
3116
2142
5352
1991
3344
1794
2442
2141
4570
3399
4300
4938
3061
1998
2666
2935
1193
3569
1497
2978
2709
3882
1330
4914
3195
3020
4006
2329
3363
2381
2031
1563
3497
3310
4685
1779
3055
2474
1477
2398
1953
651
9784
3101
3366
4051
3287
1711
2498
2335
2203
2071
1037
3610
1134
2809
3304
6210
2060
1594
5180
2844
5171
2314
5067
1448
2946
5232
4825
2396
2378
967
3825
2173
2944
7689
7058
1865
4358
4050
2254
7276
2184
1702
1823
6994
1649
2430
2368
3116
2467
2945
2496
2672
2387
6213
4608
2732
1034
1982
4165
3599
1119
3014
3746
3161
5784
2496
6459
2584
2187
3056
6211
1000
2884
7288
4837
2745
2090
3986
1990
4473
2606
2114
1402
2620
3471
2884
5251
1987
3114
1291
3472
2834
7920
1649
4122
5507
3008
4536
3313
4707
3304
4897
3623
560
5655
2376
6067
2062
1968
4160
1484
6366
4121
2858
2374
4685
1142
5593
1314
1868
3606
2737
4513
2391
8095
2876
2896
2451
2242
1774
1283
4457
2742
5376
4817
2293
3211
4328
2472
2125
2271
1859
10095
1895
1233
6802
2480
3727
8542
3204
3944
2666
2262
1992
7041
1519
2172
2375
4795
1717
2795
1977
1639
1456
3506
4722
5288
888
2167
3684
7003
5675
2554
1716
987
4731
2677
5034
3306
2105
4062
2291
3227
4002
1611
4373
8011
3261
5251
1251
2529
1865
5444
1423
1450
8741
1958
1293
2734
2666
6789
4182
2296
3274
3932
3978
5423
7624
3293
3441
3098
3240
5757
3116
928
2030
1755
1579
2076
5300
6149
1987
2238
5370
2409
1872
3083
3063
5208
3106
3181
2570
4662
1846
2621
2363
2601
2433
3994
5499
3764
1463
2967
3926
1544
2123
786
2173
5635
2664
2485
3173
5293
1650
3090
6127
3300
1965
2523
1574
5467
2807
1574
2028
3213
4894
3878
1841
1490
2060
3729
3065
2597
2175
2694
3012
2497
2265
3707
4687
848
2759
4416
4532
2681
2357
3313
1566
1051
1519
4357
3308
1912
3295
5916
2358
1296
4513
3093
2914
1498
6007
2213
2321
3341
3890
2489
4521
2936
1470
2184
2233
3009
4215
1433
2972
3002
2159
7978
4466
2500
1133
1993
2521
2355
1902
3887
1437
3715
9648
3761
2311
1854
3354
3097
1408
2976
1516
2037
12301
3074
3178
2523
4172
5821
3300
3390
1976
1644
5282
2477
1673
2812
3542
3515
6715
1927
1998
4353
2106
6024
4964
2339
3166
2518
2956
2253
7708
2030
3647
4499
2052
2291
1864
3340
1471
1210
11864
3585
1753
3071
3795
2623
1324
1885
1492
2933
2323
3637
3435
2862
4302
2245
1599
2178
3597
2774
3478
2580
1940
4701
10376
1961
3052
2731
3617
2406
3789
5866
806
3369
2257
1660
2899
2186
2444
3308
2453
1979
3774
8407
1232
1991
2842
2839
2217
2535
2383
4534
3907
1503
2256
5990
1349
2271
17863
2665
2700
2586
1867
1818
2271
3004
2914
2771
1633
1520
1863
4375
2639
4516
7937
3401
5998
2642
7843
3158
2250
12772
1288
5568
1992
1277
539
2080
7400
3039
4375
4735
2142
2683
2989
1754
4624
8598
1994
3214
6680
3536
2848
1558
1543
4684
2159
5746
862
2672
2882
3374
1449
3467
2056
3533
8326
1234
1305
2696
3947
6487
2050
1438
3201
1488
2560
2639
4541
1584
3703
982
4861
1677
1158
2330
3016
1836
1634
3125
4515
2271
1998
4244
2098
1308
3368
3273
4318
1925
1456
482
2411
4763
5033
3220
2962
4171
5295
6680
3201
3178
1453
1987
3488
3950
6707
1175
1018
1571
3180
2670
3196
2158
6139
4059
1755
2652
3189
2427
4931
1541
3366
3499
2734
4082
5281
9933
2908
1671
3669
2429
2418
1521
4330
3358
1784
2276
2691
2345
3028
1975
4270
2850
6813
1606
4816
8123
4621
6484
1717
2923
1237
4385
7480
2190
3792
1203
2015
3055
11343
1877
1994
3850
5164
2626
930
2470
3695
2568
2458
2888
2998
2524
5009
3606
4320
2471
2191
2589
5008
4441
4609
1600
3247
2263
2248
8663
1785
2786
2347
6205
4925
3442
994
3583
2419
3345
3112
2924
1423
6480
3132
2558
1643
2337
3456
569
4053
2460
5677
1662
1358
3977
3580
988
2997
2861
1340
4407
3694
2990
2075
2160
7138
5985
1523
4291
2822
3706
1114
3377
4665
2413
4714
4724
4756
2860
2607
5195
3033
6099
2192
4815
3293
6923
1490
3502
1272
5187
3899
2436
3368
2427
7111
841
2029
2536
7742
2057
2198
3521
1310
8572
1634
3071
3519
3086
2636
5572
12563
2463
2565
1541
5350
3316
10197
1214
1726
2247
2789
1409
3811
3629
4427
2475
3682
2260
2557
1361
4836
4264
4712
4707
6315
3082
6096
2044
3382
3227
3098
2207
1326
4649
938
1039
11073
2742
2560
1014
2437
3111
3215
2459
10676
1836
2632
1803
2597
2624
2076
1107
2069
4040
1942
2623
5079
2133
3583
3303
6331
4985
2608
2366
3299
1245
5872
1134
1192
2021
3641
2134
1615
1424
2793
5874
7462
5127
1601
1571
3986
2680
4376
3029
2317
2183
2022
2105
6591
2146
3306
3889
1917
3602
4746
2236
1577
5081
1974
2052
3130
3151
2077
6905
5105
3064
3071
3165
2922
1891
1706
3073
3033
3793
2293
6975
3514
3854
1498
8523
2527
1998
2151
3086
1897
5708
3208
1941
2610
3166
6656
2431
4474
5225
1437
3698
3443
3670
2382
1588
3670
4277
1709
1417
2386
2655
4811
4221
1753
3571
1703
2564
5549
4561
6414
2429
2472
4923
4590
4367
4823
5910
3734
1428
4067
1160
4544
4151
6646
1368
3680
4574
5886
5703
4104
1973
3631
2760
2354
3854
2752
2488
6903
1768
2865
3639
2407
3469
2416
2155
4119
1314
5299
2573
1854
1143
4068
3161
2231
1988
5124
3488
1002
2275
6032
4273
3375
2010
3630
7423
4885
2624
1717
751
2479
2015
1765
1484
5708
2750
3529
2815
2912
7925
7860
4952
3374
2656
2238
3787
2494
2733
2189
5755
3026
2726
2545
3031
2554
2202
2039
5126
1143
4217
2473
2358
1597
3991
3993
974
4690
2464
1806
4360
2637
1197
2586
3055
2203
2791
3965
3615
2215
2025
2093
2376
1102
2861
2764
5231
3364
2633
4969
10689
1510
1090
2407
2800
2534
2117
1333
3135
2517
1726
3123
2366
2940
3324
4169
3917
2359
2325
5455
1630
3613
1581
3059
4862
3136
2051
5476
2932
4009
2612
958
2191
2147
1795
2057
9076
7044
1459
4210
2327
2283
6069
966
3113
2245
1373
3644
3232
3075
3154
2079
5862
1375
5259
5179
2411
1752
1601
2798
3965
3501
3327
2177
5117
4304
3759
1689
4817
2492
6381
2834
2409
2393
3470
1207
3308
2249
1667
4727
2575
2604
4587
2414
3607
1978
1772
2604
5004
2302
1634
2160
8837
2736
2686
1655
3521
3651
2243
4828
3818
6113
6415
1438
4735
1618
2886
1761
2369
3262
4667
1709
1112
1998
4204
1941
5641
2398
4595
2958
3337
1844
4723
1511
3286
4424
2683
2205
2991
3131
2233
9231
4199
2137
1647
5484
1650
1747
6015
3488
1922
8341
1109
3252
5266
2934
4073
2386
1235
3338
1013
4332
2415
2743
2013
3405
2184
7755
3117
1476
2214
5775
2344
2655
4787
2477
1831
3695
3928
3546
3091
2663
1992
3554
2693
5025
1775
1615
4306
3675
2323
2556
1621
3434
2625
2416
4788
1955
4310
3592
3256
2425
2885
1567
11194
2094
3391
1736
2535
5470
4284
4856
1296
2025
8011
4104
2578
4466
1664
3881
3390
1333
2321
1354
5851
3476
5398
2856
5444
2470
2572
7495
2028
2401
1327
2094
3075
3523
2749
2793
4837
1061
3937
1732
3261
1874
2184
1346
2092
7820
2475
1698
3557
1360
5115
2413
2240
3177
4313
2228
4458
5226
2524
5331
1336
3542
1950
10004
1886
3803
3143
1873
778
2143
3497
3651
2804
2301
2301
4107
2398
4260
2953
4236
1892
2838
1714
8295
1958
2489
3672
5575
3537
3894
3252
1456
2414
1815
6177
1664
5575
2860
2367
4538
914
1750
5035
2331
1350
2189
1829
2039
4755
3681
2164
4832
2296
9526
3967
1764
4255
1337
1860
3381
4942
2470
3011
2808
4942
2362
2720
4496
2652
2365
2785
4855
2854
3129
2669
4696
2456
2901
1062
7695
2450
2745
5156
5771
2324
2321
2299
2321
3641
1964
721
4148
2664
2286
11211
3282
3347
4902
4112
1924
1822
1376
2239
4430
2880
1844
1649
2664
4367
2237
9491
5176
4069
1935
887
6534
4446
3996
4996
2098
2148
3621
2163
1941
3248
2983
1060
3120
2138
2752
2861
1504
3068
7061
3622
3281
3059
6999
4598
1066
4126
907
1588
1235
4403
1797
4867
3051
4507
1497
6467
4452
3751
1794
3303
2198
1591
2874
4814
2932
1254
2458
1518
3325
2213
1564
3019
4423
3276
968
895
3628
3686
1815
6876
2671
6461
6704
2953
2494
3152
4707
2941
4198
1053
5246
4237
3122
2397
12063
5533
7253
2148
5905
2076
10153
1123
3558
2640
2597
1804
2529
4878
1465
2925
1953
3912
5245
2107
1871
3226
1682
8553
1506
3611
2701
3534
2560
3051
5325
2192
4388
1871
1583
1872
1589
4396
3846
6740
4975
3666
4755
4289
6166
2340
2190
2367
3133
1773
1700
3810
3030
6781
6338
588
9142
2102
3689
4218
5112
4764
2844
3386
1776
1082
2423
2674
5725
2412
3448
3313
3915
6939
9241
1615
1922
3175
829
4784
2464
3059
1475
3186
3026
2851
2683
2969
2725
2166
5652
2029
2581
1527
2261
5273
6165
3032
3386
8842
1852
1172
2842
1949
4715
1577
5794
2369
2956
7622
2226
3200
7872
2220
2573
2246
7768
3308
2161
3503
2911
2437
8796
3752
10102
3136
3828
7587
4709
3747
5041
3342
2114
6269
2242
4236
2555
2622
1529
2378
2587
3490
4057
3578
1267
5678
3528
3611
1781
2060
3149
1991
3744
2237
3006
4408
3212
3031
5269
2479
1251
2137
2327
5891
2323
3891
3659
2962
2705
4154
8197
2034
1497
4233
2413
10120
2745
559
5784
9108
3808
3501
1897
4703
2594
2660
2539
4543
2228
2618
4564
5757
3028
1446
6089
2090
3621
2163
2298
1519
4399
2618
1858
2887
5879
3894
7263
4058
2496
2216
4276
4991
1965
4311
1429
2207
2329
5414
2011
2647
2179
2542
1527
2858
1447
2683
8238
4109
1935
2391
10802
3910
6248
2953
7127
2549
1372
5111
2335
2772
3091
1270
2146
1674
3653
2733
4768
1857
4015
2375
2730
1758
1533
3589
4177
2833
3095
3386
4154
2649
1894
5217
2557
3139
1364
2942
1720
1090
4366
3975
4110
3781
5240
1959
5687
3817
5657
2504
3681
2819
3606
4448
5097
1516
3606
1662
3963
2966
10381
5727
2056
3190
10985
2325
4942
3854
4092
981
10501
1662
2405
4078
2549
2074
2482
1370
4075
1191
1803
2674
2351
4697
5902
4285
2113
3916
4040
3730
1031
1550
4768
2266
4389
3212
2213
3526
2208
5022
3929
1616
5759
1983
1450
3717
3097
2141
3487
9368
3570
3413
1656
2907
1460
6239
4700
2608
1165
7597
3866
6102
3090
1492
2266
2026
2662
2947
3325
1075
3055
3737
6794
2272
1594
2892
1678
2313
2735
5234
2906
3528
3235
1599
2756
1615
4214
3948
2298
2155
5276
3293
2767
3554
1276
4961
4357
3464
5245
2902
1770
2412
2479
7833
1465
5947
3141
3509
4190
1280
3362
1744
3483
1637
4503
6447
1575
1829
4071
2337
2120
1342
3262
3487
2650
2251
4635
1458
1774
1396
4494
2555
3496
5285
3368
6977
5153
4296
2575
3902
6693
2075
2523
1739
12947
969
1903
2750
2823
1852
1261
4017
2142
1918
3588
2451
6125
2041
2471
3360
10999
1356
6555
5064
2263
4392
3866
3878
7184
1727
2039
4362
1893
3745
3170
4415
5308
2209
3812
1303
5381
2778
2626
2759
4675
2928
1937
6581
1553
4359
4882
2058
1554
6482
5510
4085
1654
3413
5293
2619
3248
2652
3599
4705
4151
4299
4598
1678
2289
6327
963
11523
1716
4977
3025
6607
3407
7340
3136
4881
7444
3938
4819
1160
5235
1757
2466
1959
4411
2321
4894
5270
1889
1564
2194
1223
2046
2851
6989
1872
1995
3689
3652
2905
1089
2054
4001
4318
1826
9596
1477
4210
1148
5807
2883
2051
1317
4122
1689
2780
5332
1361
4039
1616
2789
1755
4541
1285
1803
5410
4198
1998
3274
5439
3224
2413
2581
2212
3049
2646
1240
1574
1234
1369
1940
3055
2507
1328
4069
2211
2593
2589
1997
5325
1245
2309
1823
2133
2211
1975
4854
3792
1907
2167
845
3353
1997
3203
2402
4081
1630
2192
2957
2718
1930
1306
3269
4501
1948
5420
4531
3559
1848
2779
8940
1683
3021
1187
11924
2254
3246
2890
1539
3117
7156
2287
2637
2915
5396
2885
3509
1762
9654
4859
2299
2272
2428
1877
1456
5753
1348
2884
5448
5461
3582
3213
3379
7250
1212
3049
2996
1492
2119
1871
5133
1662
1931
3826
2370
4584
3077
1539
4564
980
4164
12658
2174
2951
4411
4394
3497
2770
5668
2111
1660
2608
2267
2174
1457
2281
2557
4493
8433
3279
2601
1293
2967
3053
2194
3187
4013
1956
1111
2593
4518
4717
2045
5965
4438
3994
3672
1852
3132
2742
1811
2211
2247
2944
3530
4009
1846
3421
3503
3886
2635
1243
2741
5023
2517
1508
1329
3078
2034
1302
4674
1849
1705
9737
4204
2332
3096
1959
4814
4096
2116
1546
5052
4540
4427
5329
4190
4734
3263
3247
2140
5677
4171
2176
3978
1497
2686
3105
2672
3831
2261
5477
5383
3125
2610
7196
2454
4209
3083
2947
3172
5135
3372
1224
3823
2421
3391
5483
2612
3581
2966
2169
2417
7278
2575
3152
1688
2216
5024
1489
10513
2964
7339
1759
4185
4519
1417
4290
2253
3189
4386
1745
1539
3564
3081
1700
4889
1597
6842
5322
1294
4870
1692
1682
3386
1242
2093
4165
3123
3098
3172
11969
1574
2171
1029
1177
4623
2475
4614
5652
2324
2768
3645
5007
2818
1159
3024
4586
3594
2508
3938
1309
1862
6031
3320
3015
4772
3908
2536
1222
2594
2190
4725
2820
3254
5017
3632
3517
2047
3019
3914
5564
1554
3206
724
3666
3671
2223
3211
4432
2651
2531
4486
5300
4186
3014
3463
1902
6623
3034
2009
1546
4497
3848
3976
1521
3028
7050
2847
2966
4091
2400
3756
2089
3377
2312
4190
2601
1889
3164
4236
2666
2888
3563
1679
4068
3032
3193
2261
6834
3327
2537
6783
3201
1181
3943
2903
3849
2785
2170
5181
1763
3033
5986
2754
2064
2618
2974
6915
1864
4102
2297
3775
2664
4163
1472
5137
3340
1361
9693
2143
5345
2280
980
4915
2662
3760
2156
6760
1245
5701
4242
1607
2751
2577
2093
4698
6261
7454
1613
1153
4621
3896
4619
2208
2501
5893
2801
2726
5818
2435
3740
2953
3140
3205
4348
2139
6702
4395
4172
2299
7003
1276
3536
3114
5750
2229
5932
2417
5158
1721
3875
1542
1621
2965
2591
3407
1140
1732
1740
3533
3468
1890
3582
4713
2027
2164
3996
1091
3029
5998
2265
4674
1291
3639
4936
3957
2095
4595
3898
1682
4216
1576
3592
2395
2477
1306
2745
2200
2873
3290
1474
3710
5517
4202
1725
2347
3610
1106
2872
1826
1753
4024
11411
5454
1617
3096
5121
4765
2467
2282
2229
1013
1663
7466
4939
4960
1761
2477
5150
4727
3933
3834
4656
3287
1778
1345
3744
2674
3630
4248
911
1794
2033
2337
4088
4136
3234
2435
4222
3111
6138
5681
3098
4081
1274
2056
6926
2858
5143
4214
3448
3003
2495
5095
4271
3487
1646
3386
2260
2958
2487
1158
1573
2437
1317
1482
2551
5150
2765
4694
4613
3745
3372
3283
3525
3935
5094
1543
5171
2611
4222
1893
1930
2263
4122
8278
3528
3421
2953
2055
2724
6292
2269
1880
1576
2340
4813
3138
1765
2823
3309
3419
1643
1461
3164
2251
1843
2720
2662
5376
3467
2288
1783
5408
4601
3072
4046
7242
1948
2408
1331
2760
4368
2734
3662
1847
6307
5457
2276
3472
2344
1820
4114
6452
2199
3936
1747
3330
2388
3167
6136
2400
2638
7307
3595
2280
3980
2238
3109
3359
1887
2832
1628
2819
2194
6183
2931
4422
2161
4546
2370
2572
4031
3339
2036
3920
3475
2432
3455
3173
4425
5620
1349
2385
3631
4314
3326
3137
2652
3579
9845
2055
4773
6575
6317
6831
4153
2146
2246
2756
1960
1198
3783
6352
3422
3524
4497
3632
1716
2912
2570
1207
3247
1826
7505
1865
2499
2600
3143
964
4880
3470
10364
4750
2245
1732
2593
4587
2938
4453
3476
2018
2491
6101
3613
1600
1035
1689
2084
2804
1639
2158
3934
16290
2115
4620
3242
1507
2648
2010
6052
3447
4555
2608
878
1475
4138
3270
5972
3201
5065
1935
3552
1794
5443
913
3642
3340
3928
2365
1913
2483
8505
10707
1705
2208
2390
2661
4535
3521
2711
3479
3634
5850
2455
7445
1559
3014
3649
1918
3224
3288
2410
2094
1720
1493
5237
954
2865
1905
4999
2970
2681
2553
1951
2702
2258
3276
4380
4219
1242
5586
2084
3045
2243
2395
5285
2824
2141
2364
3149
4203
3803
1187
2309
3206
4418
3508
4449
5469
1624
3949
2412
2925
3094
1348
6716
5877
4518
2995
4488
1834
4468
2580
2850
4199
1756
3720
2146
4700
10110
7063
2189
3213
3177
2378
2865
2710
3490
3196
2560
3936
1774
2357
2265
4511
1072
2896
904
2383
1927
3804
3654
2231
1596
2084
2983
2569
3940
1438
8887
3571
8206
1106
2577
2569
2773
2061
6825
5305
4232
5075
2861
5301
4484
4774
4056
1776
3171
7555
4690
3387
2559
4179
2948
8338
5123
3238
1444
2280
3728
1891
2294
2622
4814
4265
2731
2298
1357
8552
2787
2202
2149
4549
2107
3625
2698
3427
2738
3879
1160
7014
3176
2629
2999
5577
1867
3839
1798
3110
4902
3039
2770
6622
5336
6329
2722
5988
3626
1610
4886
2256
1826
3071
8411
1892
934
4030
6601
2246
4329
2163
1123
4628
4456
2927
2100
1443
2429
2193
2722
4203
3821
4017
2218
5796
1861
2813
1881
1614
3170
1741
1218
2519
3952
2437
3210
5991
5298
3104
2373
4504
1861
3896
2218
4702
5175
1864
3111
3793
1392
4638
1717
1906
2377
3347
1440
1452
3955
3702
7265
1942
5268
2822
4432
2547
4724
1725
4439
4582
6565
4572
2503
4310
966
1742
2773
3891
3137
2179
1123
1110
2344
2974
1825
3428
3958
1998
3214
3849
1969
3617
2943
3451
1308
6018
1715
6285
2080
4830
4788
2377
2131
3768
7068
4847
7104
4279
2141
3708
3590
3416
2532
2758
2485
1847
6708
3873
1613
1608
2929
2098
1681
2574
5967
2098
3193
2959
2269
2573
4013
2939
4672
7006
3764
7141
2643
3426
4235
7910
1479
4789
2149
2528
1588
3913
3175
1696
3179
2188
902
4499
4959
11168
1638
1337
1534
3399
2184
3384
3293
3902
2330
3768
3269
2616
1617
3939
2301
2028
6624
3285
1852
2357
2809
3541
2863
2109
3099
5484
2766
2610
6151
1555
2731
4217
6771
2373
2804
3594
1935
3639
2772
1667
3777
2705
2687
3325
2809
1884
2886
4717
5818
2709
1871
3654
7517
2020
6071
5496
1882
3620
1750
3708
3403
720
3436
3347
4091
1998
1385
4775
1181
4110
5748
4558
1269
1851
2440
2829
2249
1204
3417
9146
2780
1833
3845
2722
3257
2945
3463
1852
2744
2856
11638
2241
2394
5557
2338
1371
2246
2664
3316
944
1333
4164
3999
3753
1158
2054
2873
3915
1346
3156
1202
2471
3772
2714
4551
2701
1980
3361
2737
4642
1788
5518
2536
6392
2397
2268
2252
2208
1179
3110
3325
2039
3458
3946
2719
4791
2812
1802
2795
2527
4683
875
3660
1430
3511
6635
3966
2316
1304
2920
2726
1274
3313
1449
4797
4551
3048
2679
2384
2359
2516
2296
3236
3503
1122
1932
2466
2813
6482
2182
1746
6396
4638
2264
3832
1902
1802
6529
2111
2497
1678
1651
2635
3782
10189
2791
2132
15779
1141
4602
4079
11846
4487
5587
1453
3621
2868
3386
1800
4993
1768
3190
1891
2462
2401
3344
3725
3229
3378
5732
3447
6055
2895
1601
5405
4261
5340
4066
2958
1685
2870
1423
7687
1329
2915
3826
4431
2486
3028
1059
2291
2789
2903
5629
5540
1780
1897
2892
1527
5555
1804
3871
1672
3510
4562
1476
4426
2798
2074
2814
1916
4069
3833
2804
3562
1807
5009
3715
2135
1863
5645
4329
4685
2447
1807
2780
1632
5157
4507
3917
5735
4316
3022
2078
2272
7729
3266
1298
3589
3880
3522
3450
5581
6874
3583
4664
1343
4139
2411
3701
3374
4808
4058
1440
6932
2690
3528
1432
5555
5349
7427
1063
4462
2130
3493
2910
2423
2510
6601
2083
7147
9143
2983
1314
3137
2041
2823
1671
3327
3385
2561
1737
3979
3253
2659
1735
5006
2057
3129
6547
2158
3774
8486
3858
1414
1148
2737
2248
6299
6203
2247
2364
2962
2005
4032
2039
2433
2678
2960
2729
1861
2984
2477
3710
4516
2352
2378
1336
4930
3112
1723
2535
4131
1739
3192
7234
1230
3342
2103
2121
2133
1479
3988
4332
4222
1601
1990
1672
1037
4810
2655
2503
6294
2172
4128
3414
3024
2005
1669
4584
2128
1759
4041
2624
4300
3749
3081
1531
4069
2741
2860
3675
4424
2777
1990
2862
2245
2263
5437
1302
4062
3021
2592
2773
3643
1462
2836
3005
3919
4660
3949
2237
6041
4257
6622
3537
4645
1717
3932
3581
2254
4034
8897
3157
4423
4945
2915
2745
4449
3378
1674
3101
3729
1840
1165
2784
2443
6723
7076
5867
3970
3431
3579
2809
1187
2582
4869
2335
2411
3631
7207
5458
877
1636
4747
3643
2155
2151
4849
2069
1203
3773
5608
3759
1354
1850
7406
3071
2666
1597
1800
1010
2631
1879
3096
3176
4495
3183
5617
1463
3248
3678
3612
4155
1298
2133
4532
2359
6508
7647
1944
3311
3192
5123
1864
7777
1968
1842
4606
3554
2051
3423
5471
3029
2055
2972
2126
2551
1712
3108
3080
2494
1875
2477
4769
3440
3629
5025
2265
3033
4225
1620
3349
1946
2250
3622
2618
14659
2598
2928
6337
1382
3307
2585
1251
2996
2279
3539
4330
5697
11232
1331
2530
2869
2850
2437
1752
2410
3557
2073
10506
3306
2443
1926
1770
2694
1629
2957
3193
3135
3983
5756
5276
3905
3811
2317
2084
3586
4859
3972
4504
3795
3187
6191
2562
3069
3889
3540
4049
2992
5000
3594
2142
895
4611
2061
2173
3390
1821
944
1124
1116
4299
3197
2220
1933
3422
1969
2657
3711
2409
2062
2242
5251
2676
3051
2590
2055
3120
873
4532
3910
4503
1207
1921
2609
2633
5941
801
7285
1702
5335
2865
2161
3134
2814
1104
2560
4359
4763
1974
4053
2120
2193
5760
2922
2202
3637
757
5846
2640
2457
6058
2246
2960
1776
3142
2495
1886
6302
1260
1678
1944
7276
2397
1857
1890
3406
1683
3599
4467
1401
2360
4385
2360
4628
3683
2569
3139
2914
2905
4411
1998
8918
2436
1884
2840
1802
4424
2230
7565
8761
2204
4408
4618
1212
4597
6302
4111
2245
4138
2810
1728
2264
3365
2459
2585
3214
1605
3543
4853
4131
2986
4029
3735
1787
3178
1455
2927
2707
9067
2537
3510
6176
3912
2154
6223
4445
1978
4095
8373
2026
3752
5159
2815
1443
1925
4688
2912
2970
3608
7654
1981
2279
1621
4248
2440
3090
3633
3548
1916
1070
2757
2899
1704
2079
1435
3804
2163
3803
1498
4792
3139
2501
1660
2203
4036
4150
6599
5620
5118
1379
4294
4725
3592
3683
4544
1937
4585
2832
2397
2843
4761
3987
2912
1516
1611
3757
2761
3020
2006
2605
1751
2719
10964
4215
3166
1644
2958
2851
2249
1999
4588
3307
4941
2005
3594
2622
4181
7325
1268
1291
1413
3433
2973
2395
1756
1857
2589
1094
1825
4967
1418
2087
6132
2784
3610
3728
3200
1500
2490
1433
3033
9519
1601
2952
2831
3160
1359
4636
4467
2524
8043
2311
5081
1639
1692
2798
4044
3711
3468
5763
4333
1061
5135
3985
2623
4011
5996
1907
3122
1412
3928
1885
4709
1999
1412
1545
2756
4335
1047
2990
6915
5153
3303
8868
6050
2345
3921
6986
2077
3137
5111
2971
5361
4529
3349
3303
2256
2499
2799
3868
7327
7153
903
2012
3747
2706
3492
3047
1306
2979
2131
3330
4817
2619
2682
3894
4926
1977
4303
5054
1710
5208
1743
5170
7396
3896
7300
1615
2672
3730
3176
1527
1725
4699
1229
1803
4292
2923
2604
3239
2785
2378
4887
6471
4576
1964
1733
3165
2236
4420
8536
5864
6292
2846
3554
6109
2970
3818
639
3871
1900
2156
2350
2289
3092
3563
972
5087
3049
2478
1712
1229
2051
2412
1447
1999
9655
4952
2575
1520
3673
5517
1838
3133
2559
3061
6656
2482
2425
3635
2120
2244
2680
2621
7950
5103
3739
1788
2412
1165
5280
4965
2987
2822
4807
1895
5408
1186
4227
3273
1685
3697
3001
4004
1381
4469
3956
2736
4845
4241
3450
6835
1736
3213
2087
4478
5145
2376
4150
1510
2244
5894
8072
1560
3188
944
1760
4295
870
2478
4117
2465
1817
2571
5980
6236
3306
5488
2836
1585
3356
3138
1259
3127
1638
8693
3454
2081
5744
1995
3438
4905
2822
13737
2795
2012
2545
3488
2584
3142
3637
1413
3134
2102
4581
2826
6689
2401
1996
4671
1548
3368
5214
2436
10209
6032
2272
3710
8784
1672
5675
14875
1999
11487
1870
3901
1180
2718
4151
1578
8008
5887
4901
2428
2952
1970
3065
3660
7595
1544
3066
2615
2329
2909
1509
1636
5613
5713
1110
5697
3613
2549
3771
1991
2065
3597
3753
4565
1089
3943
2660
4653
1788
4460
9411
3527
5099
1421
5487
6243
2450
2070
4121
4670
4736
7793
7424
2736
4261
4496
5387
4658
2595
2408
3861
4146
8022
4907
5964
2106
3090
2231
2627
4923
3348
4148
5637
4392
2989
2497
1214
3794
1996
3459
6642
2996
2549
3160
1814
1973
2607
3212
2185
5757
2172
4116
6939
2387
4221
4401
4606
3125
3794
9468
2404
1553
2247
3079
2671
2316
1695
2112
1998
3223
4819
2331
6382
2912
2485
4279
919
2526
3595
7115
4194
3630
2414
2003
6428
1293
2741
2997
4348
1907
3059
4542
7862
3679
3739
2044
2128
3652
1950
3319
4943
2572
1397
4289
2426
1743
3755
2112
1228
4135
3531
1526
2570
3840
3786
4560
719
1313
11999
2972
755
3619
2940
1216
1354
1640
1485
4858
4181
2030
4259
3107
7983
1028
6702
4009
927
1509
1968
3804
1535
3779
1338
3188
2559
3859
6100
3371
5541
3930
4040
3115
3034
5970
3395
2055
3638
2754
2612
3160
2453
3809
5080
1720
1763
1986
1741
1466
3586
3613
2477
4841
2999
2469
2974
2032
2649
1370
2358
4099
5855
2733
4008
1494
5149
2550
7674
3576
3366
4105
3165
3127
3448
1807
1973
3488
5751
5168
2641
1601
2746
4912
2995
3483
2587
1241
2986
934
2713
1501
1400
6214
1820
2613
3452
2192
4097
3298
4486
3753
4138
2305
8225
1982
1696
3101
6137
4130
2207
3972
3744
3195
1366
2761
3803
1924
2023
2266
2203
2227
1578
2050
3113
2271
2166
1776
1914
2296
5701
8228
2062
2304
3442
2358
1848
1131
3051
5338
4501
3493
6806
2270
2853
2241
4560
2656
2359
2477
3847
4098
4248
2968
1130
1393
4013
3250
3138
2610
4150
4378
2505
4274
5810
3224
1544
1335
3116
1505
4305
4865
3758
11722
1325
3253
3095
1154
9963
1671
3938
1992
5711
1097
2947
3662
4052
2934
1867
1815
3310
3225
4983
4431
3113
1654
3199
2854
7422
1604
2723
1553
3048
1917
4021
2232
5391
3906
4258
2230
913
4574
2151
4135
1511
1314
2952
4244
3958
4317
1327
5228
5572
6169
6030
4811
5074
1518
966
3420
3591
2031
4001
2044
3648
2454
3354
1738
3348
4943
2173
2476
5757
2165
6162
3900
3629
6637
3008
4693
5230
4446
1606
1693
3076
2781
4369
7787
6791
2271
5727
2289
3581
4790
2133
1374
2173
1435
8401
13657
2218
2671
5725
3468
2148
5313
2389
3145
10878
1200
3409
3306
2910
3264
3205
6007
3137
3490
1239
1336
2374
5283
5268
1434
2435
4946
1468
2457
2921
2988
1773
1477
2293
7469
3812
3233
1553
2963
1674
6638
3422
4407
2564
2366
5700
2850
916
2395
5041
2457
2747
5286
2655
3198
4596
2055
3329
2865
3653
2616
2674
2097
4152
4037
3469
2080
2029
2240
3520
1190
3608
1611
3817
1889
1462
5352
1931
8767
2586
1158
2203
4053
1110
1685
5159
6368
3889
5283
1330
4142
946
2756
4795
2198
2603
1722
1755
4555
2331
4128
3149
2265
1137
4638
3121
2833
3951
1503
5816
5138
4117
4682
2540
5076
2278
9296
5334
4170
3140
1741
3066
3607
4596
1999
1566
5117
3018
2882
4621
2484
2901
7009
1368
3992
2234
5070
3032
2283
2353
2731
5237
3666
2512
3592
3679
3284
2485
3269
2023
3128
3392
2272
1651
3517
1033
1610
4147
2367
2648
2274
2530
4666
3627
3062
1531
4801
3423
4791
1002
2979
2297
1974
7644
1368
6269
8145
3403
3071
2082
2212
2069
1284
4630
4723
1975
1678
2393
1397
2138
2264
4843
5245
5658
2527
1668
2395
1856
1375
3218
2230
1354
3525
6411
4559
3857
3399
3931
2351
2677
3436
2665
3374
1586
1338
9992
4621
3292
9593
4958
1324
3221
6588
7696
2108
1548
4553
4509
2401
6100
2461
2928
3460
2967
2163
2441
3241
5216
9928
3835
1755
4605
4387
1548
1981
3404
1812
5878
5806
3760
2395
4644
4060
1877
5466
2258
5678
2057
3014
2116
1035
1941
1015
10882
2352
2257
1996
3217
2318
4365
3800
1868
1995
5271
6235
950
3518
2210
2972
3557
2100
2263
4361
5772
1526
4232
3210
5786
2536
9712
6880
4564
3170
2657
1308
2401
2864
1398
2519
2552
4634
2528
2800
3875
2310
2102
5257
3339
4094
1143
3175
2148
3615
2330
4255
4199
2577
1714
5205
3486
1244
1890
3053
1919
796
4388
5271
2621
2602
2562
2635
3757
2209
3516
5018
3537
6634
3705
5187
2231
1173
3503
7332
4649
3546
2433
1582
5073
4469
4077
6027
4148
914
2895
4798
2448
6291
2884
2354
2404
2550
3090
2569
1698
1794
2378
4186
3991
3438
3263
4111
4728
3342
6363
5094
1824
5617
1658
3373
2951
2251
2852
3546
2399
2152
2329
3870
4291
3644
1876
1263
7933
4163
3146
3749
7058
1946
10814
2613
14679
3499
1657
3248
1866
7051
2032
3710
3949
3721
1240
4157
5492
1910
1342
3889
3742
4377
5690
4103
1556
2864
1432
1300
1172
2497
2633
4555
4661
2589
2101
1785
2068
2049
7299
5744
3344
1570
5133
1383
2803
3515
3292
1107
2516
3445
3136
3914
2012
4854
3594
3492
1185
984
1123
3716
1358
4249
1065
1708
3001
2099
6671
3165
4104
3528
3537
2062
3882
2233
3279
5337
2938
2131
1374
2387
4949
5145
3912
3891
2384
7743
2076
1420
2146
3495
4150
4246
3672
2956
3347
1923
3042
4646
1573
3804
2710
4129
4009
2555
1244
955
2261
4835
3279
1928
2096
1732
5549
1205
1881
2791
4874
2610
3406
3907
1527
2802
2626
3338
1906
3797
1978
2355
4394
2904
3192
2166
4129
1027
2955
2516
1499
2103
4833
3724
2894
2767
2723
4467
2302
6387
2873
5924
3709
2711
2158
2124
1883
4777
3263
8658
6389
3456
1330
2566
5482
4627
3686
1535
3347
1245
5614
2938
1972
3344
2126
2150
3917
5268
5518
1799
5360
4037
6281
3815
1393
6379
2055
3798
1966
1293
3702
2678
1789
1532
1916
2350
4690
5674
3883
1855
7652
4564
2569
3609
947
3760
2614
1883
3249
3694
4529
1639
5859
4219
5845
2972
1297
3775
2420
4793
3072
2053
1415
2773
2305
3346
7941
2202
1042
1779
9322
2882
6724
3658
3992
3298
6462
2638
7027
3072
3418
4298
2728
6763
1512
5692
4441
3499
2560
1995
1642
3255
5079
5969
892
5967
4748
3219
3598
1931
1796
1453
4630
3706
2580
2105
882
2845
2413
1800
2386
7641
3989
2984
3101
8778
1294
4919
7575
4398
1955
1334
1301
5294
4804
2396
4618
3240
3961
4488
2791
2809
10655
4217
4595
1777
1494
6956
2743
6486
4036
6759
3607
2584
4593
2962
1637
1613
875
4779
4230
4773
3720
6510
2709
6320
2986
1861
4881
3425
5093
1941
3683
1716
2401
1857
1242
2603
4049
4434
4225
1526
1400
2865
6159
2067
2982
2622
1499
3394
2285
4965
3373
6939
1505
3875
2925
1827
4403
3641
4254
2444
4130
3989
1376
3050
2377
2965
2587
3729
1768
3988
1938
4261
1806
4292
4680
4502
3638
3562
2411
2968
3310
944
3599
2565
2592
4415
2348
3979
3929
2279
1382
1602
10161
1273
2632
2623
4716
3676
2719
3403
2249
3017
4143
1992
3184
2480
2477
9122
3940
1238
6141
2960
4896
2742
2924
2985
3693
1877
1742
6114
5464
2992
1140
4433
3957
5602
6638
3972
5833
3102
4941
3148
1387
2143
2959
2705
8646
2470
4061
1908
2861
2901
1527
4179
1786
1922
2096
6232
3032
2237
1749
2700
6065
2410
1933
3723
4073
5375
5227
5576
682
1804
4799
3204
2497
2621
3835
2997
2778
1854
2290
6173
5762
2246
3480
4724
5492
1675
2561
2070
1078
2668
2729
4218
2303
1241
12442
2852
4390
3134
2699
1724
5232
2189
1601
2931
2511
3487
2271
3544
3435
3531
2187
6248
1767
3641
5575
4787
7467
2042
5726
3803
4827
7411
1520
1505
4341
774
2539
3485
5128
2808
3470
2759
4329
3326
3193
5647
13317
10062
2165
4993
3187
1575
2980
4538
2580
3670
6968
2638
3872
3556
3218
2693
1710
3650
3394
3527
5897
2448
2566
2005
3567
3482
6377
2720
5175
2241
7318
2767
1823
2447
6336
3512
2577
1477
1969
6824
2442
1624
3224
2459
3244
3451
5217
3686
2361
4017
4302
3954
4592
2203
1085
2083
6273
1399
3680
1796
1225
2100
2800
2608
1206
3489
1208
3733
1956
2304
5204
1752
4608
3231
2915
1294
4486
2448
3006
6851
3380
2540
1410
2632
1425
5302
3926
2250
3102
1901
2403
5094
4218
1348
2553
2810
1975
1696
1999
1294
4094
2284
3817
1581
2853
4840
5600
5632
2273
3370
4325
5503
13369
1851
4116
4302
5315
1940
1892
2933
2729
1192
2901
1622
3068
5017
1216
3628
3527
1547
14860
3752
2176
1305
4861
2531
10489
2479
2237
3696
1457
1816
2790
1039
5604
5127
2602
4003
3192
2409
4517
2927
2785
3350
2098
1955
916
3493
6220
2048
5068
2719
2912
6324
4282
1957
2676
3278
5955
3669
4355
10607
6057
1827
2873
2905
4754
2927
2378
1396
3178
1053
1436
4898
2854
2719
1972
4144
3385
3326
2539
4891
1992
6605
933
3673
2925
1809
5210
592
4306
5266
2154
1708
5443
1447
5088
2153
4003
2416
1776
1903
1861
3958
2883
1970
4749
2240
3017
6308
3821
1408
3999
2428
3171
4500
2327
3582
7351
1130
9363
6294
2223
3627
2680
4558
2548
2206
4359
10431
4206
1656
5556
8842
3241
4167
2052
2697
5889
1340
3879
2556
1757
3777
1087
5110
6939
2406
6008
1573
4856
3344
4725
765
9404
6898
3272
4106
2705
4020
2293
1052
1262
1503
2781
6787
2739
2143
1471
1637
4193
2124
1581
853
5604
4474
2758
1382
4836
4542
1691
4492
3656
1651
3274
2635
2401
3462
5964
5600
1604
3890
992
2492
7496
9538
5423
2250
2328
4786
5187
3029
3621
2362
3547
2834
4622
3642
2514
1105
5523
5910
1927
2196
7002
6118
1316
2760
1501
3254
3487
3480
1580
2854
4482
4083
2418
3596
1960
2462
5939
2229
2472
2395
2677
3272
3617
3056
3863
4626
4944
2689
3652
4775
1607
4506
6785
3634
6009
2102
1220
2187
3451
3632
3711
2618
2255
4463
2660
3249
2399
4227
3510
4240
2895
1557
2073
2932
5915
2291
3117
1045
2472
6594
1277
7886
1747
1982
2812
3685
3289
1684
1507
3466
4089
1624
2267
3798
4806
4539
3370
5055
2979
2601
2363
3631
4363
3421
4512
1670
2673
1462
1581
2577
1908
2302
2094
5545
2959
9202
2679
3112
3563
2332
2106
4458
4786
3259
1613
5306
2107
4908
5920
1750
2987
9615
2093
3933
2440
1985
3109
2930
7155
7235
1821
2392
808
5157
2112
3000
1427
3959
3733
2406
2714
4043
2042
2401
3823
3807
1492
1794
3707
2330
4407
2650
2016
2634
5989
2036
3196
2446
1836
981
2952
4074
3051
1742
5521
5312
5848
4140
2820
2241
4062
7409
1552
1871
3325
3626
3336
6099
2826
4442
4279
1748
2618
1757
1311
2418
1664
6102
2557
2432
2521
1476
3208
1791
2070
2711
5563
2404
2728
4664
992
2539
1730
5758
3241
4092
4658
3027
1817
3372
5447
3075
1401
1214
2998
2472
3777
3174
4242
2581
6679
1484
3349
3276
8614
3291
1636
8861
4371
2595
4325
5808
13779
3650
5265
1271
3059
3211
2701
3477
5022
5248
4969
2407
6213
4830
3133
764
2969
1191
2486
1294
2311
5158
3400
4816
4243
971
2363
4230
5002
6371
2096
2012
4450
2201
3408
1324
2339
2590
2471
5047
1748
5631
4809
2321
4451
4848
2793
3172
2454
2745
4369
1877
1257
4151
4020
4043
4846
5134
2592
1472
6674
5128
3839
1153
2636
3059
7935
4779
1923
1746
3866
1062
1667
6453
3762
2011
3034
3306
2088
4611
1392
10478
4298
4624
2638
5347
2040
2388
4822
2145
2475
3098
6743
1231
2082
1946
4466
2642
1582
3442
2973
3675
5013
894
1305
2125
4543
3587
4329
5920
3033
4770
1872
3192
1558
6649
1351
3710
3345
6423
1175
3307
3477
2986
2895
2023
1412
4135
5438
2419
1243
4819
3773
4090
2734
2119
4905
4487
3128
3243
2075
3178
2872
2532
2402
4157
3486
5221
3901
6562
3490
2030
1828
6121
3404
1766
2933
3505
2803
1654
1987
2268
735
1995
7109
2969
2350
6860
3528
3656
3576
4903
3370
2825
3188
3060
5349
2160
1859
4764
3037
1093
3091
2396
1450
3032
2057
1746
3237
4020
3673
10076
2248
5620
2285
2527
1533
1763
5423
2171
4465
1917
3266
3423
3888
2196
4210
1645
2809
1899
5674
3045
3356
3604
1966
3591
4858
7003
1432
4234
4262
3240
4661
2658
3351
3060
2983
2534
11339
1866
4376
2061
3305
3795
2284
4603
3185
2419
9027
2108
2669
1633
3502
5206
2851
1208
2274
3885
1934
3182
2386
5329
1875
2414
4971
2310
789
1978
2759
1940
1864
2151
3449
2221
4926
2961
3344
1481
3167
3875
2509
4185
4644
1880
2217
6224
1906
2097
4010
2358
4855
5945
2754
1355
6512
6218
3117
2231
7532
2326
6148
5082
11188
2432
3928
7816
6101
3692
4940
3596
2810
2938
2275
1670
818
3096
2004
3273
3282
2527
1906
3490
915
2680
4849
5961
2694
3050
1764
1332
2904
4351
2498
1968
1278
1702
3224
3963
1440
3011
5204
2506
4789
2009
1357
4495
2608
2923
4778
2339
2477
3420
2979
4711
4751
1932
1601
4383
2696
2377
6307
2402
3122
13860
1634
1260
6197
6491
3050
2503
4650
3822
1046
7038
1627
2071
5672
8612
4963
3985
11942
1962
2821
2799
3977
5343
2296
5091
2555
5660
3825
4378
2802
4085
2677
2718
3673
1946
3480
1058
3622
918
3278
3773
3054
4120
3424
4388
2127
2338
3112
4788
3399
5064
5227
4663
3638
1530
5244
2672
5029
1631
1275
1737
3220
3287
2264
6507
2162
2763
1704
1203
3515
1980
4221
5152
654
1304
2199
2303
4294
2974
4022
2113
6312
7788
1996
7069
7174
1181
2361
2771
4890
3562
2802
4781
3687
3130
1581
3578
2414
3481
3147
2044
4500
3229
1902
6720
4412
3204
2874
2791
4056
1514
7151
2700
2145
5608
4118
1767
2978
2946
4224
3294
2202
3722
2124
1789
2229
2922
1221
2551
4337
3265
2259
1514
1649
2824
4753
4639
4859
2196
2572
3636
3347
3397
4228
1993
2079
4004
2468
920
5313
2280
2800
2519
1703
1273
2228
4218
1426
4101
3227
2017
4459
5757
2684
1043
2577
1958
4088
2379
3377
3755
5768
2095
2402
1818
3303
3805
7101
2496
2064
1575
1415
3120
5453
1093
3542
5132
7069
2765
2349
1767
4472
1682
4329
1487
5740
1988
2488
1945
2887
676
2540
2414
1662
1560
3113
4471
1672
4157
4330
8879
1328
3395
3646
4744
2889
2549
5049
2742
5401
1024
5036
4745
1951
3554
1178
1779
1180
2316
3282
10180
3530
2180
2299
2870
4977
2352
2290
3913
2788
2131
2052
1167
2750
989
1624
5134
5717
4327
947
3761
2140
4285
2030
2294
4702
2219
1207
1426
2081
2825
4491
3741
1387
4164
2406
3796
3504
3394
3336
5368
3715
1420
2689
790
1628
4733
3955
2272
3417
5147
4182
3484
3607
3584
3836
3297
2348
4051
7521
7268
3486
3336
3439
4311
2725
2540
3009
7137
3007
4237
3959
1200
4741
2064
5863
2501
4723
2054
1829
1723
4415
8253
4552
2004
3140
2204
4799
5678
4171
1081
3994
2503
2042
1826
2374
1218
4330
3518
2418
5948
2723
4328
2476
2471
2089
4140
2571
6318
1914
1399
2609
1814
3401
2263
3413
3671
6654
2051
5364
2072
3797
3001
5680
4950
4729
4483
2282
1815
4843
2158
3283
1610
4745
8898
6978
2749
835
2727
4808
3043
2239
4947
1998
5793
2551
2801
3266
1467
2540
2022
825
4758
2131
1127
4161
3905
2007
4179
5167
2686
1879
3292
4049
5666
2314
2744
2304
2476
2977
1257
4966
2349
3981
1872
2962
4549
3538
3871
4873
4022
4005
5172
2494
1844
4684
3628
6617
2491
2240
2774
6706
2434
6562
4675
3360
1255
1778
5898
2457
3462
2012
2572
5385
2446
3200
5126
3014
2495
2405
4241
1491
2540
3569
1164
1444
4023
4317
6912
2710
4532
3542
1362
3229
2619
2312
3293
6490
1310
6775
2628
3181
2985
9453
2672
1539
7646
4516
2601
1680
3593
3395
3016
2221
2733
2476
2099
2201
1539
2276
4625
1106
3740
9207
4062
2614
3276
2103
2510
3806
2217
2664
3498
2735
1857
1959
2970
1359
2310
2129
3471
3556
3544
4424
1909
3346
1827
5183
2437
5216
3968
2815
4896
6702
3227
5079
4014
1619
3059
4156
1754
7400
5400
3599
9371
2502
2238
2138
2350
2673
3764
5140
3283
3672
4180
2557
2612
3893
1290
6875
4976
2343
2553
3388
1728
3249
5120
2982
3115
939
3962
2055
4707
4545
4345
1861
3931
3018
2805
4083
8767
2541
3687
4492
2273
2507
1578
1167
3688
2139
1147
5167
2338
4037
5020
6012
1357
3827
8526
4484
2310
1645
2196
1194
3274
3754
5625
2024
6623
2725
3036
3818
8032
2080
3840
2952
4049
3565
967
2607
3154
3803
2504
3435
2972
2678
1396
5673
1235
4324
2304
2653
2069
9772
4370
2389
2729
4190
4904
2182
2721
849
2592
1397
3736
1545
7755
4158
2299
5609
4696
2818
2997
5202
3702
3178
6962
2867
2214
1917
1750
5049
2413
4635
820
3877
5573
2600
1915
1143
2871
3154
2907
7433
1122
4920
4176
1537
4047
2583
1814
4316
3070
5393
1004
2834
1404
1392
5738
3395
4069
1891
6526
9494
2804
2398
4864
1888
3813
3969
1508
5958
5193
2151
3937
2135
1175
3687
2294
4593
2204
3857
2355
2224
6943
4123
2806
1379
2133
5098
2874
1989
1090
2485
1842
1994
7876
6062
1981
3532
6763
3485
3405
2378
1896
4738
3726
2581
3353
4699
3154
2293
1432
5992
1962
3502
3852
2150
4526
3192
3206
6753
8478
3963
7722
3331
1869
5564
1123
2670
4488
3988
2497
1477
3651
3620
2315
2876
2365
2281
2101
3754
5506
1645
2196
3330
2757
2413
5945
2185
1142
6932
2160
3193
5251
1704
2639
2834
2694
2659
2384
2128
5103
3540
2042
2521
2466
3909
2906
1399
2696
2652
5831
4869
7075
4895
3119
1750
1894
4104
6044
6740
1108
2735
6983
3865
2373
1582
1747
1959
3718
6784
4061
5335
3328
1907
2623
3221
7880
5699
4230
5699
2154
1931
2762
2077
2838
5479
5779
1825
880
2652
4101
2251
8027
2870
1063
4020
2070
3405
5807
3458
1639
1983
2161
6831
4178
4253
1823
3290
2306
2588
1633
3331
5977
7308
2760
6770
5005
2467
8492
2929
4222
5458
4671
2451
3142
1612
2672
2767
1822
3058
1460
3514
5234
2884
4568
2214
5168
3177
7131
2232
3317
6418
2018
2472
8283
1567
1840
2068
5501
3370
7109
2282
5437
5093
1179
1945
4478
2187
4573
5710
6161
4427
3760
3356
2415
1116
2848
2704
3417
4771
3046
6904
1756
3564
4646
5656
3587
1234
1769
2955
2428
1966
5260
3115
3716
2544
4213
2230
3354
7205
3503
5163
2093
3995
1187
7127
4641
5610
2826
1217
4784
2925
2698
2274
1719
2395
3792
2493
1990
5002
4238
3831
4687
1226
3035
4466
4345
2597
5885
1115
3133
3667
2964
8408
4911
2317
3935
3091
8567
3828
8033
1511
4401
7181
1228
2800
4211
4639
4217
2278
2499
2231
4334
2171
615
3198
4895
1460
3408
2684
3212
1370
2652
7721
2089
2864
2132
4163
2484
3192
6405
1387
7193
2878
3450
7754
6101
5280
1620
7787
4754
3707
2301
7183
8437
2951
1450
6992
4314
4827
877
1554
2015
5522
3216
3988
1678
4294
5218
3494
5236
2141
4696
5914
2146
1363
3854
3401
2289
3181
1974
3578
3406
705
3180
4073
1985
6492
2044
665
2295
4428
3462
5295
3175
2192
4482
2902
2630
1030
4398
9177
3598
1999
2872
545
3500
2921
3816
1358
2446
1925
5535
4222
4435
2914
2166
5540
2616
9361
3367
1127
1645
2135
3283
2826
2616
2377
11704
2327
2324
2789
1805
6411
9570
3312
1556
3168
4089
2588
2128
2026
1635
5031
2452
2960
5067
4583
2306
6069
1281
3449
6250
2700
2686
1148
3463
2380
9221
2121
3519
1433
4367
2266
3352
2576
2942
1992
1752
3486
1387
2992
1173
1692
3060
3530
7243
1569
3092
7006
1464
2426
6889
4961
2335
2390
4343
2452
2116
3569
1494
4675
2210
1569
1811
3112
2860
4888
2067
6259
4275
4189
2850
5629
1605
1530
804
2972
3422
6845
5505
4115
9079
2108
3612
9449
4386
2389
4022
1929
2993
3054
3316
4559
4834
5067
4210
4442
2007
2416
4111
4035
4705
2203
2340
5546
4710
4978
2114
8684
4260
3130
6150
1850
4607
2871
1885
3986
3410
1974
3662
1484
8139
2307
7461
2218
4214
3406
2666
3912
4265
3227
5615
2514
3318
4517
1877
2609
1348
4406
3320
3132
2581
6379
1624
4451
3098
8694
7939
2604
7410
5828
1697
3346
2669
3414
2909
2949
1874
3891
1312
9084
3167
2064
6819
1554
3879
8656
2722
3587
1489
1739
2433
1874
5863
4410
1924
4743
3885
1754
2838
2276
4525
3569
3509
2743
1855
1674
1740
2460
4090
4547
1212
7034
2218
3333
2945
1645
1320
1570
2519
3328
1719
4735
2770
2793
3746
3782
2921
3391
5524
1596
997
4376
2874
3855
2977
2452
2040
1577
4657
2283
1555
2513
1633
2227
3209
5423
3444
2173
4757
4068
1971
2374
4255
4421
4302
3591
5738
2153
2186
1796
1767
3955
2129
3864
7133
2729
4672
2359
4043
3086
3489
5897
2218
4889
5251
3017
2205
2862
2636
2945
1888
2225
6113
3892
3261
1854
4972
1845
4365
3939
5056
6802
3248
1953
3521
3351
1955
3527
2037
2569
3415
2802
5396
4621
4693
5180
2892
4353
3190
1430
3220
2345
3656
1182
3663
4602
2172
974
5390
2638
9829
5534
2189
2967
3426
3440
2064
2730
3200
1875
838
2976
4808
4731
3311
2551
2920
2571
1590
2284
4234
548
3372
3921
2106
1881
1332
2785
3719
8009
2904
1824
2125
4269
2662
2464
1889
3834
4201
2239
2471
1730
1202
4787
3213
3454
1871
5420
4926
1813
4304
5996
1683
7614
2937
5967
2963
3860
7125
3586
4249
1023
2799
3551
3182
5289
2545
1493
5079
3199
5215
5215
3278
1665
3740
6310
5433
7205
4089
3989
2984
3726
2258
3776
3245
5531
3777
3182
8699
1879
3330
1835
4876
2272
4056
5938
3765
3964
1753
3580
3300
3461
1459
3074
1757
2792
4756
703
3546
2734
2866
4563
2721
2474
2367
3213
8206
2101
1920
4585
2407
3190
1579
1134
2270
2006
1375
3042
1684
3806
1528
4618
1740
2078
3156
5267
3686
4584
1987
3468
1017
2419
3114
1435
2776
2818
3230
2098
1948
2978
3821
7053
4257
1953
1318
5333
1084
5489
2068
6468
4807
1419
5360
7455
7571
6372
2096
2438
2519
7297
1409
1939
2673
3384
1219
1762
2937
2375
1492
5617
3433
2665
3303
4090
6278
3648
3274
1313
7933
3237
4439
2784
6358
5146
3805
6021
1640
4028
1756
2804
1991
2307
1769
3925
5650
2623
1337
6444
7839
1778
2591
3600
2406
3176
3649
2906
3798
1769
3170
2941
7000
3888
4444
8354
3881
3382
8028
2289
1447
7397
5917
7026
1109
5546
8468
3976
2798
4597
2644
8078
5948
2344
1589
6447
3113
7881
4412
3521
1808
5877
3729
2327
1191
4937
4816
3372
8033
1452
5864
3029
4312
2261
3114
1694
3161
6948
1794
2883
1459
4031
1957
1887
3803
4359
4123
1542
2280
3142
1686
2639
3402
2069
4327
2393
2852
1741
2807
3465
1831
6928
3471
3167
1864
2474
1299
4947
4799
12707
2120
3918
1053
4661
3673
3849
3564
2421
2254
7349
8052
1508
1548
2207
3889
4532
3992
5782
5477
3772
4255
4853
4782
5479
1962
1499
3876
1559
4968
1313
2881
876
6331
3306
5286
1844
2849
1326
5357
2134
7731
7427
1262
1254
9232
3743
2836
5302
1676
1152
8219
3198
4272
5653
3105
3950
1523
2406
4359
3259
2946
2333
1955
3380
1719
679
4292
2653
4274
1954
3117
4048
2942
3792
4041
2047
1507
2311
3650
1994
4076
1180
2497
4975
4388
2106
4336
6326
2323
1163
3484
4732
5743
1215
1718
4794
3270
3671
3715
1855
10015
4509
4226
2889
2767
6552
1753
5197
2418
3511
4148
12254
2065
2346
1017
2851
2204
2716
2226
3089
3486
2033
2023
3187
1699
5143
5383
1919
3086
6122
1636
4109
1457
3933
2995
2606
2821
1979
2338
4434
2937
2657
1112
3651
4182
1581
2655
2203
4194
6644
6602
3757
2161
4980
3001
3072
2410
5398
3489
4301
1060
2831
2562
4583
1035
2897
5088
5598
7031
2470
4729
2998
6694
3683
1358
5040
4563
1330
2713
2957
2602
5298
3233
3044
4700
1675
2638
2772
4840
3025
2893
1540
1388
2878
4305
2507
2730
1701
6014
1460
2900
3471
1626
4159
2885
2100
5480
5775
1723
4586
9727
3876
4112
2540
6224
6627
7727
4211
2658
2582
3652
1053
2196
3183
1785
2347
2051
1707
7067
4533
2385
9448
2006
8603
4228
8971
4443
2358
1200
7919
3970
2749
3884
2558
3212
1899
4290
1763
2012
1020
3855
1607
2968
2259
3125
6179
6909
3217
2170
2706
1291
7109
2482
8635
2698
5448
1906
3291
3336
10791
1507
4032
1913
3059
2127
2723
2628
4925
4525
1840
2773
2660
1635
3124
2147
2274
3165
3612
5044
3220
2572
3812
1742
4582
3068
2504
3508
2559
3881
1328
3074
1169
3074
3580
5635
2892
3587
5078
2513
6226
1510
3563
1549
6482
5791
7388
3070
2159
4911
3348
2553
3004
11043
4821
4293
2769
2205
3793
2299
4778
5169
1504
3838
1789
2717
3205
5493
1583
3588
3913
7225
2765
5581
1865
4752
1665
8688
2686
3324
2356
1958
2982
1955
1715
1510
3615
7630
1941
1136
5287
2077
5673
2254
3418
3190
2776
2043
7444
2257
4196
5465
1391
2136
2453
2617
2826
1185
2271
2300
1541
4468
4456
3079
3728
3221
1738
2465
2403
2946
1727
4300
3972
4029
1896
2976
1862
3395
7362
1770
5197
7017
3617
1671
3295
3130
1175
3261
3330
3940
3752
2477
6253
1021
3164
3868
2416
1177
2256
3699
2228
2225
3965
3122
3845
4546
2153
2211
3189
1310
3079
4256
2157
6148
3590
1472
2042
7581
9919
3072
1728
4178
2930
2064
1570
1814
5057
3842
7395
5465
2027
3199
1989
2276
3643
4643
2860
2016
2097
5717
2769
2816
3936
4384
4068
2799
2114
3102
2751
3094
2296
1495
2716
3211
4277
3135
1509
5523
2639
4621
4884
1798
2042
6597
2442
3297
2102
3380
3875
3386
2724
6099
1891
2999
3969
2130
3704
2766
2678
4233
1683
3749
2307
2942
9879
2927
2180
3828
2161
4644
3026
1467
2930
2929
3519
1497
9042
1709
4322
2433
2713
2354
1537
1408
19488
3739
2528
1250
5249
2195
757
3046
2393
2022
3676
5139
2280
4496
3951
3256
2294
3286
2759
2921
1783
1385
2140
2382
2731
4726
2628
2313
4293
1781
10494
4510
918
1637
1464
2813
4823
3038
1637
1786
5444
2935
2591
3836
1951
5086
4806
5490
4345
3456
2256
2799
2062
3576
2872
1569
3447
4024
3871
1901
3727
3587
7171
1570
1299
9559
4710
5639
7637
10987
8928
3398
4146
1565
1225
5171
3043
4179
3369
3062
4485
5097
2600
3446
2355
4234
1339
3228
5941
4092
3099
3673
764
4428
3022
5622
3326
2767
6051
2313
3879
1111
4286
4110
2204
4886
3306
3595
4244
4607
2712
2073
2890
4898
2431
3922
4915
2413
1798
3122
3689
1589
2751
2627
5372
6887
3930
2244
7190
3407
3209
4202
4329
2534
4910
3998
1579
3207
4489
3176
2903
3172
1208
2990
2208
3988
1364
3353
1759
2057
2754
1691
1093
3186
2426
2806
4353
3284
1806
2543
4382
2019
3047
2290
1434
4161
2408
2250
2239
5555
2948
2752
4003
8340
1369
2901
4645
3721
3796
5799
2856
1716
3237
6345
3266
3508
1037
2073
3484
1253
5870
1433
832
2817
1460
4815
3632
2625
4292
4817
3496
2229
5468
4333
1414
1940
9456
1622
5023
3574
1602
2330
2485
2394
2112
5081
2618
5760
3825
3090
3519
3648
4273
8974
2542
4054
4685
9179
4482
1081
2541
4418
2062
3579
1375
4712
3718
5160
2529
1944
6763
8638
4255
4834
2688
5329
1553
2513
4511
1702
1842
1718
3316
4739
1529
2984
4570
3999
5656
1816
3064
3144
2585
3634
1862
2898
3704
5598
3271
5992
2814
2267
2627
6401
1556
2651
2622
2222
2288
2777
3994
4103
1004
1958
4360
1966
4989
2393
4502
5838
1635
5939
6930
1862
2006
2199
1783
3182
3326
3158
3403
2169
2094
3843
2317
7030
2459
3032
4718
4397
2851
1570
1412
2587
3038
2612
3224
4249
5515
1534
2065
3111
3042
1782
4320
8039
2806
3256
4405
1617
1649
3218
5707
4870
2339
2713
4956
1360
2783
4119
13764
1931
4099
2752
4947
1753
2533
1016
2262
2427
2779
4660
1882
6065
6447
1347
2405
1708
2427
2353
4016
3420
2466
3729
1183
2166
1234
1404
4216
1872
2136
1923
2274
2306
1160
1964
1359
5020
1973
3267
1932
2896
4230
6280
1199
1572
3175
2211
8108
1989
4237
3081
2359
2350
1271
2672
3453
4827
1509
3620
3009
3194
9055
4117
4923
2237
7001
3808
3377
7866
3485
3023
2897
2193
2950
2675
1026
4035
5879
2467
3667
3342
3956
5322
3112
2552
2780
2707
2260
4409
1809
6743
4274
4944
5023
2499
2347
5144
6028
3439
4423
1802
4262
4765
2121
2801
2749
2137
3646
7207
2760
1568
3467
2749
2973
4414
3463
2188
3209
3001
3930
2831
1348
6218
3011
7288
2475
1286
1965
1549
3637
2187
3451
2438
4879
3199
4189
3076
6636
2382
3220
3474
4218
1690
8525
4017
6056
2340
1770
3400
3190
2210
3612
6692
2389
4089
3543
1888
2741
6155
2405
2297
1962
6134
1605
2680
1875
1895
4887
4950
2840
4027
4477
3289
3870
3025
6188
1118
2438
3019
1500
1862
1655
4218
3040
3576
8464
2483
1692
2159
1409
2884
3318
6838
3743
1847
2651
3509
3718
2921
4908
3035
2788
3742
2830
1457
3015
16318
1377
1461
2443
1338
3957
2994
3351
1197
3190
4878
2372
2589
1787
2236
2076
3225
5390
3511
2127
2373
2033
2998
3999
2772
4142
2496
5991
2378
1667
2220
2348
1837
2491
1689
2401
3215
3182
6219
3212
2461
2013
6162
1405
4845
5017
1377
1960
2638
4536
1978
3030
5613
2383
1739
3831
2337
1344
2105
5220
2086
5287
4356
1156
1480
1132
3528
4973
3027
3619
3619
1468
2214
2884
1783
2805
2846
3727
986
6963
2821
3635
2095
4647
4245
2622
4529
2340
3133
5213
2538
2239
4283
1965
4983
9395
3299
5317
1916
4278
4805
2455
3527
7555
2512
1222
2787
2701
1322
3095
2720
1454
3680
1733
3191
3222
984
2663
2221
5590
3501
1420
2797
3584
1509
4677
3433
6733
3848
1271
1580
1463
3019
3923
2046
5880
2863
2776
6335
1999
3768
5030
1877
4444
5519
2719
2317
4176
3621
1683
3994
2465
1748
2951
1541
2928
3408
2760
2873
2297
973
5311
2232
1684
5014
5670
2154
2705
2251
1825
3303
4312
3626
1295
1368
1965
3655
2783
12797
2017
1984
1951
4050
3507
9309
3077
2921
1894
2727
2079
10772
5977
5410
1912
4947
1766
4393
1963
8792
2854
3098
3271
2830
1565
2395
2244
2805
2632
2116
1755
3116
4312
5395
3216
2864
1764
6269
3378
3268
1496
3329
4306
2621
1925
4623
2070
5323
4082
2635
4974
1617
4233
1287
3143
4373
1198
3028
1740
4662
3698
1575
2991
3298
3191
2979
5933
2588
4539
3123
4331
1412
2914
1823
3530
5367
3075
1606
6926
3136
5454
1210
4967
2540
1986
6602
2948
4783
3714
3043
1612
1235
7033
4514
2327
3302
4588
1797
3966
2715
1510
1383
4516
2391
6746
1739
5527
3738
4218
9092
1713
4892
4551
3342
2667
2552
2689
1027
2422
2168
1809
2467
4657
3531
3122
7623
2563
3384
1471
3745
2103
2797
6419
2147
2096
5385
7369
3073
2424
5312
3037
840
3026
5173
2445
3459
3747
1697
3654
2607
5542
2028
7030
2901
3773
828
5700
2235
9028
2692
4473
2032
3935
2522
2922
3158
2670
4011
4180
1965
4364
3320
1462
2859
2794
4556
6721
1977
2099
10698
2616
2262
4726
2107
2323
1982
2775
4572
2555
1882
5260
2315
3057
4408
2856
5849
6300
2874
9040
2373
869
3139
5211
3897
2820
3638
4056
1700
4018
4989
4491
9266
3167
2735
3999
1979
3222
3188
5027
1290
2219
3032
2428
5660
2431
2379
1752
1659
4541
4699
5225
2005
1692
970
4569
770
5775
3517
2957
4541
3972
1732
1698
1781
2317
1246
1885
3290
2129
5210
5466
2662
2316
2912
4424
793
2627
1761
4160
2958
3645
3000
782
2060
2978
1745
4199
3366
2003
4016
2129
2916
4969
5183
6764
1862
3166
2889
1659
8222
3531
1981
3169
3602
2177
1882
1867
1324
4034
1757
6193
3107
1491
4619
4394
1269
5626
2677
6620
2165
1869
3730
1928
2303
3350
3491
5873
2633
1798
1304
3736
3123
2949
3761
6191
2548
4413
2339
1600
2337
3792
1518
4001
757
2291
7642
5917
2669
1860
3303
4054
3061
2517
2830
2412
1925
3103
2340
1655
7616
2668
4748
2737
3767
4494
3521
3945
3940
3705
1673
4256
2381
6022
2522
1091
1921
3799
3204
1676
2472
2507
4168
3535
3561
3634
1809
2330
3721
5107
1627
9645
2205
5326
6213
1524
4441
4653
1368
2786
3112
3982
3562
1294
3371
1636
2315
3092
4208
2513
4199
3036
1385
6708
3001
3383
2261
3079
1781
2776
2634
2427
3508
3829
1296
4023
6589
3034
2257
1691
2711
4076
5256
2480
2750
2165
1716
3081
1866
1540
4222
11703
6112
1274
3209
3461
665
2812
2132
1439
1274
4902
2264
2279
2563
2468
4842
1751
3099
2383
4173
1126
2686
1719
5841
1756
3637
2661
4041
5202
5486
1678
6856
3132
3867
3278
1645
2459
2163
3888
3390
3499
2958
6445
4265
3214
7177
2202
3242
3912
7467
5410
2270
2158
3476
9262
2376
2074
3268
3784
1439
2268
3585
1832
4410
1835
6579
4372
4912
3670
2406
2796
888
2707
5766
3291
1970
4035
5592
4155
3792
2919
3175
6981
1951
1918
1788
3091
4244
1074
3526
6248
10374
6214
2988
1667
4170
1393
4655
4264
5662
1889
2759
4061
3130
3285
5527
2055
1649
3178
3006
4769
5988
3226
4251
5688
4336
976
2144
4631
1868
1741
5865
2939
1570
3918
3432
6788
3094
1984
6204
4154
3105
3639
2639
6424
3625
2110
1076
1921
1766
1567
3187
4100
2458
2732
6885
2173
3996
2712
5020
1664
2699
1261
3116
2760
6412
1455
4281
2380
2947
1181
2918
2686
2580
2105
4988
4381
3996
2720
3441
1181
4942
2675
3356
2597
5759
2135
2406
3837
3645
3469
3046
2806
3359
1171
2122
4213
6811
3763
3516
10764
5049
3450
3381
1204
4687
3867
3381
2995
2697
2847
2067
2277
8533
2424
4799
3863
3818
2591
2667
1215
4001
1944
3566
2596
4614
3986
1886
6174
2012
2279
5363
4226
3369
2661
4463
2635
3247
3118
4440
2272
1293
3685
7914
2902
3383
2287
3583
2656
3009
4934
2781
1301
1581
3079
2796
1703
3300
1209
8065
2163
1415
1722
3452
1517
3654
3603
2154
3435
1403
1546
4645
2464
2376
3907
2369
3264
2568
1658
1747
3598
2186
2222
1696
5710
4181
3988
7159
6240
3941
5122
3614
2849
1957
7479
4863
4094
1869
2599
3015
3018
4395
2574
1905
2747
2651
1840
4850
2438
4605
2787
3626
2595
2711
2629
2689
1852
1565
3340
2935
3457
2568
7126
1104
2457
1500
1997
1164
3471
2101
2589
2844
2327
1937
4736
4011
2199
3236
1707
1640
2688
4650
3086
6245
4449
1537
8799
2437
2241
2588
4271
3829
2344
5605
3970
6030
1640
5925
5804
3837
2732
4080
2837
2528
2238
4501
1589
3015
2047
1798
2904
3143
2454
5343
3406
2031
2617
2075
3174
1095
2938
7162
7603
8525
1367
3292
3501
2801
3360
2430
2547
1703
4370
1602
3244
3037
2410
1623
1281
1498
5059
3648
4257
4744
2952
6606
1161
2101
4870
4291
2215
3188
2492
2495
1794
4667
4837
5451
1235
5171
1500
3013
1760
2379
4491
2550
2746
3549
1605
6014
3023
5780
2479
1251
3744
3125
3531
5734
2912
4964
2943
2260
4989
1894
3098
679
2742
2961
2922
5062
1972
3409
2707
3531
2513
2188
4207
1283
5068
7896
6168
754
2647
1667
3571
1069
4310
2283
3969
2983
2271
2558
8352
2569
3252
3759
3114
1297
4077
4662
4137
2647
4333
1035
2672
3175
3820
3446
2222
2335
6206
3881
1240
3406
1886
4331
10460
1763
4621
1982
1717
5456
3630
1804
2194
860
9093
1922
2446
846
3978
1872
3699
1474
2575
1686
5668
4092
2202
7338
5049
4411
1184
4035
2956
7443
1960
4559
4764
3983
6306
3075
1870
2355
1670
1038
4253
3481
2360
2369
3206
1665
2433
3444
2288
3695
2712
2457
5361
2346
3918
2247
2870
1700
4752
7077
4284
6051
3465
2269
3170
4480
4712
5191
4070
3886
1524
1667
2245
7006
8083
2448
4947
3000
4118
2485
1184
2411
3388
4378
3295
2048
851
1732
4620
14006
1663
3933
5986
2810
5460
3684
4839
1607
2072
2612
1654
3712
1848
3456
4394
3129
2429
7816
2780
1403
2829
2638
1520
3523
1708
6324
6403
1944
2273
5260
2418
3380
3999
8787
1749
4445
4641
6505
2171
3955
7331
4506
1897
2350
3162
4044
2803
1542
3745
3510
3028
3959
1738
3421
5012
2569
5266
2223
2175
5156
1642
2731
2954
2395
5313
2382
1495
3059
2817
1905
2610
2113
1920
2702
5189
4164
2695
6827
1297
2863
833
5554
5460
3633
1821
2462
3265
6463
2288
5209
9630
7489
3726
1661
2939
2888
2944
5321
1277
4744
2954
2814
3723
4073
1653
2150
2315
5542
1524
3539
2284
1580
5341
2298
2068
3451
7225
2897
2091
936
2967
3593
2869
1055
2072
3020
3444
2512
2619
4394
4015
2744
5304
3593
3540
9687
6830
1599
4481
1869
4835
2016
3795
2099
3469
3065
4792
3288
2160
2980
4447
1247
3881
2704
3378
7547
3898
2702
6261
2921
3458
2981
6032
2054
1370
2655
2141
2652
2680
2274
5421
1936
1358
10510
2988
2563
4042
3237
3176
3970
2238
2081
3660
10260
7090
3846
1104
4687
1743
2585
1766
1940
3500
2389
3320
2028
2877
3049
1309
3062
3075
1469
3202
2454
2361
2546
5785
4103
1910
3317
2260
2906
1460
3341
6591
1308
3767
10232
1532
6366
3038
4536
2076
4080
5290
4441
2380
2999
2847
3267
1971
3544
3658
2307
1805
4576
2972
6522
1162
3119
3127
2909
1554
2326
3252
1699
2823
3938
1767
4179
5609
3399
2109
5710
2336
3598
1227
4584
3917
3064
2498
3412
8712
3111
3772
2900
5105
1918
3924
2509
3382
3624
2606
2927
7244
1758
10610
3598
2606
762
1699
3490
1491
5455
2159
4396
1665
5211
3285
2094
2775
4983
3068
1787
2758
2627
2414
8033
2893
7075
2978
3466
1215
6500
1270
4499
1880
2765
2320
2783
1721
1255
5878
1419
2987
2314
3267
2035
2449
2360
2165
6205
3128
1859
3494
5567
2992
4326
1976
3807
2853
2910
5151
2353
5922
3984
2250
4230
2976
2092
4371
1967
872
5503
5308
6048
1526
2133
3396
1768
3824
1639
1329
2263
1330
3680
5342
4503
4324
3502
3292
2444
2857
5949
1719
3008
3288
5130
2358
2107
3755
4170
3272
2909
3649
2522
5164
2459
1188
6457
1414
1327
3481
4929
4877
2869
2497
5540
2564
5282
2283
2296
4487
1976
4047
4516
2481
4595
920
2353
2391
2761
8366
4965
6757
5697
2855
1992
3069
1700
2834
671
2429
2016
2535
3225
4847
4230
1948
8404
7887
2741
1603
3911
1872
1562
7364
1183
4232
3379
3008
1873
6625
5622
8931
4282
1930
2539
2623
3147
4372
2006
2623
4357
3908
4556
6633
2162
2571
3043
2906
2958
1093
2385
1374
2708
1079
3351
1808
3339
7088
3430
1654
3635
2968
2932
2766
3931
8080
3834
4632
3158
4338
2100
6515
2180
4234
3467
2524
894
5087
3397
1540
3077
2536
1703
3475
7169
3763
2299
2137
6229
4542
1839
6266
3111
1325
977
4635
4156
2390
4536
4140
2134
3090
1898
4011
1857
3672
5709
3033
3212
3972
2303
3219
16377
2112
3761
3673
3716
2758
4178
3498
1214
2893
1748
2326
5651
1596
3190
1703
4471
2627
2500
2818
3341
4005
2717
4412
4452
2913
2507
2821
6980
1288
1838
2561
3226
2902
5860
4471
3955
2922
1337
3632
2840
4068
2488
2143
4493
6391
3930
4683
10147
2452
2340
2281
1206
3643
1817
2355
3793
4217
2218
1685
4533
4412
5955
6535
3031
2368
4024
2283
1385
5864
4006
3908
2074
3224
1280
4302
1855
4128
2976
1266
2375
7247
2162
1744
2404
4211
1609
5325
3302
6509
1907
3055
2954
5786
6590
2078
4338
3483
6167
4781
4487
2259
3348
4836
7846
4913
3623
1601
1439
2718
2204
5157
2371
4051
3298
5159
5234
3715
5440
3945
3395
1673
4294
1140
2930
3927
3855
4222
1381
3698
5561
2367
3732
3924
3885
5398
1332
2547
1399
4276
3277
6525
1946
2925
4348
5500
4305
1555
2843
3721
3851
1761
1415
5261
789
7193
9141
2627
5992
2364
5937
1626
3180
1419
3094
1756
4234
2737
3709
1298
1414
9023
3068
4916
3478
1740
1723
4019
3443
1218
4476
2235
4614
2620
1907
1625
3234
2028
3528
4402
2751
3314
3442
3091
3132
3496
2611
3302
2084
3197
2348
2752
6132
2298
1685
2313
1391
2489
3767
4523
6532
1743
1664
4367
5401
1907
2460
2182
3941
6372
17987
3402
2429
1401
4982
3696
4935
4815
1907
3333
6416
4027
1649
7481
3318
2701
2238
3404
2119
2047
5818
4203
2168
1548
1736
2563
5742
1973
2254
2713
3701
1870
7420
3066
927
2079
3439
2344
2775
6788
4817
5748
3014
5128
1557
6204
2672
2017
2353
2096
1203
5079
1770
1487
1698
1644
5575
3611
2580
2879
3944
1347
4983
3673
1688
3898
3774
7014
7701
5148
4828
4463
1444
3166
3908
3992
2243
3854
3268
3293
5739
1053
2797
3185
1955
3887
4197
2222
3209
8238
2511
4264
4044
2473
3404
2237
5556
2825
1713
3299
2238
5497
4642
2290
2140
1262
3885
2709
2971
3073
2860
2654
4628
2745
2255
3777
1277
1142
5439
1817
2712
4477
2661
2369
4438
954
3177
4643
2268
1535
2451
2634
8064
1961
2531
2867
1964
1835
2765
3144
3061
2328
3943
7899
1744
1291
4145
3982
4291
2945
2547
1363
4924
7524
2211
2520
3844
3367
7708
8337
3389
4165
4982
2134
1263
10079
5752
2405
5378
3681
2516
4075
1894
3178
1320
2601
2135
1351
6771
1430
2378
2872
3537
2884
1948
1718
3537
3232
2018
2516
4327
1090
4898
3335
2305
6526
1339
5105
3734
5935
2556
3372
6963
4235
3310
2203
8501
3859
1197
2407
3259
2148
2917
2181
1481
3106
2952
2534
3231
6314
3305
1740
4612
3891
1201
3645
4014
1392
3015
1570
4602
3644
7463
3080
5898
2811
4596
7606
2619
4587
2978
2175
3175
1562
4052
3134
4748
3046
3119
5019
2579
3157
3593
2768
3495
2788
1941
5551
2324
3624
1653
2048
2219
2480
2027
6744
1418
2600
874
1693
2921
1482
5133
1316
6441
1703
1470
4624
914
4546
4463
2970
5689
2543
927
4771
1805
1503
2640
4457
6004
2003
4131
4000
2127
6074
5926
1743
2913
6760
2341
1320
3015
2852
5040
2124
2137
7138
5873
7910
4604
1724
1993
2769
3284
1242
2509
6204
2524
2722
7725
1656
3479
910
2190
8019
3212
8933
6880
1909
1729
5326
3109
3026
1571
2174
2180
9650
4868
5845
2486
3131
3059
2576
4623
6709
1520
3754
1921
9487
2975
2177
1978
2223
5075
3250
2099
1571
3994
3122
3408
5076
5622
2053
3828
5527
3343
2324
3529
6019
5545
2892
4221
2349
7036
11769
4883
3335
2361
2243
2218
5187
3062
6252
3610
3433
3264
2418
2995
1771
3448
3429
3025
2655
3614
1843
1705
4824
3031
3039
1420
4559
12875
3233
4344
1217
4912
1710
4672
1409
4183
3660
4142
1114
3382
1561
1780
2069
4641
5633
1636
5313
2087
4225
3433
6042
3084
1213
3137
2261
3299
5756
1989
1320
4274
2134
4523
1792
3202
2290
2255
6517
11156
13254
2495
1770
2912
4386
3972
3766
5461
2604
2941
7302
3925
1157
1729
1026
1762
1402
3479
3418
3748
2892
5084
1932
4232
5604
2710
2929
4319
2629
3384
5364
4414
5885
3918
5259
4959
4433
2740
5040
5096
2523
3203
961
3561
1503
1783
4924
4181
8459
2738
5928
4128
4389
3054
4947
3148
8950
1199
2891
3031
4472
3534
732
3448
2315
2707
8482
4419
1394
3094
1908
2441
2893
2722
5976
1930
4566
4372
3826
7337
1368
1482
4871
2371
1450
4165
4184
4508
1043
4281
4190
2524
2099
11660
2807
4999
2585
1339
6802
4212
3711
6983
2297
2746
2234
3405
1009
3130
3376
5344
2057
3034
4216
2492
1969
3620
3614
1748
3113
3893
5831
1867
6980
2685
2431
4690
1964
5730
4578
2997
5253
3914
1598
5814
1844
3316
2571
2566
4527
1847
3155
2804
1739
3264
1336
2389
1897
3992
4794
3963
2664
2730
3026
2604
2088
1246
2290
3859
5510
2811
2954
2548
1496
2967
1964
2279
3911
2038
1763
4140
2688
4129
2923
5092
6144
1628
1992
1656
4215
4331
1443
1366
3064
2349
2146
1634
3837
3240
12261
3058
6516
3780
2107
5710
3709
3573
4067
2074
1885
2888
1546
1832
2032
2859
1939
2966
3936
1996
1721
1460
4629
6958
3431
2934
11386
4704
3283
3267
1879
1842
6200
2402
1508
2570
2358
1033
7681
3558
1599
2794
3066
3131
2063
2994
2553
2677
2176
3195
9499
1595
2571
4942
1963
3798
3321
6456
3112
5187
5981
2093
8187
3430
3041
3210
2299
2419
3259
5368
2450
2137
2361
2083
2510
2713
2140
7167
6929
1857
2624
867
4584
5289
3821
3252
3916
2529
5846
2225
1727
6328
4469
3113
3328
2111
2197
3484
3094
5069
825
3260
4055
1325
3553
2955
2403
3188
6020
2856
2069
1661
3998
1731
2895
2557
2231
3723
1927
2442
8587
3789
4112
2477
1993
5251
909
5396
5501
2432
2821
2164
2130
7255
1654
3101
2535
6414
2142
3621
1589
4763
4414
1323
3309
4178
2682
2809
2070
1580
5583
3264
3683
4723
2151
2774
2568
3453
7629
1479
1424
3302
2038
5320
2286
4005
1397
1919
1656
5078
2283
3867
1245
4862
4089
1926
3160
2539
8207
2477
2859
913
2076
4050
2326
2226
3440
7289
3069
1588
2676
2371
3872
3195
1552
3680
1510
2767
2224
1660
4596
2015
5698
4114
3929
2901
1668
3384
3339
2173
2397
1949
3239
3434
11395
1903
5061
3122
7211
4284
2771
4979
7314
2492
1688
2106
2264
5137
1206
2411
7086
2001
5172
5320
5255
4997
2728
3389
4691
5756
3217
2233
2520
3291
4950
3368
3192
2665
1721
2269
3434
4909
5602
2359
4491
6540
2031
2419
2848
3040
1855
2244
2382
1667
3071
3817
2614
1870
1514
5745
2821
1478
7756
8489
4709
3478
6282
3793
1634
3950
1960
1975
6602
4585
1972
6201
3803
3831
2025
2346
2183
3840
3369
2883
6078
2867
2264
5157
2982
3700
5362
2435
4561
4103
3842
6300
2320
3514
3817
2461
2693
4460
2619
4114
1485
7764
4411
1438
2056
1845
2581
5469
4117
2497
5134
3840
2916
1891
8038
2200
4826
8444
1838
3131
2636
2991
5405
1306
3625
2753
5944
2341
3182
3938
678
5175
1696
6189
2156
4248
2311
4105
1210
2835
2711
2222
4865
10353
2154
2980
1328
2006
2244
3402
2865
3350
1239
2416
1743
4013
1131
1820
1456
2888
3844
5394
2415
3311
8318
5440
1464
4173
3309
4195
3011
2996
5402
1010
700
5121
4252
2039
3396
3537
2480
6377
1190
2573
1463
3908
1707
1562
3366
2333
1998
3441
2508
1085
4759
1918
2359
1732
6713
3229
4108
3806
2558
1906
1560
3573
2578
3401
2978
2015
1442
3833
4832
1889
1913
1784
2340
4994
1095
1625
1626
2556
2902
4194
1359
1919
2981
3997
4236
6623
2909
2374
3669
5475
4243
3363
2599
2572
4370
8592
3871
1821
4069
1531
1609
2064
3407
1194
2526
1687
1624
4892
4288
4217
6192
6829
1357
3083
2408
4275
2624
2749
1731
7106
2844
5840
4921
1991
1476
1888
2972
5151
1871
5070
1132
3063
3792
3442
1674
3391
5701
4023
2266
3762
1344
3167
4451
1536
3574
4830
2667
1835
1702
6496
3388
1502
2033
1495
3607
5990
2400
5242
12057
3056
3293
4351
2051
2317
4865
2097
1359
4876
5555
3482
2819
1087
4830
2736
2076
1207
3062
4675
4199
2025
2010
3405
2405
3133
3213
1190
4634
1944
7044
8807
3545
882
2720
1885
1505
3429
3526
1588
9260
2092
1479
2092
1849
2832
2646
4139
1929
2598
3504
2134
5953
9072
3536
3312
3582
2393
4689
1209
880
1632
2783
3620
1370
2054
2440
2577
3145
2501
4033
3413
5764
1496
5153
5395
1385
5017
1238
1694
6384
3994
3292
5238
3583
3788
1036
3329
3374
2204
2980
2219
1293
3798
3605
1856
2564
1715
4481
2688
4474
3346
1471
2783
1838
3001
7184
2029
3770
4090
1374
5353
2914
2015
8048
3165
1697
3972
2092
3895
3952
9396
3078
4677
3662
1115
2290
2797
5636
917
5915
2475
1508
3815
4050
2167
3914
4000
3893
1535
2355
5394
2621
9834
4022
2140
2450
2393
3041
4221
2390
2032
2640
1691
2482
1933
4153
7271
3827
1999
4202
5984
2419
2042
6778
2515
2962
1923
4662
5161
3221
8696
3583
6837
6783
2917
3717
4115
2549
4552
2638
790
2437
3131
1632
761
1894
3767
7432
5738
2213
3266
3394
9132
2907
2228
1337
2925
3858
2018
2868
2014
2058
3037
4245
1275
1517
2199
4589
5842
4434
5775
3329
1118
5988
10304
3190
6994
3692
3030
2667
8284
2250
3220
2346
1649
3752
9373
1989
2981
2136
1810
3053
4871
2699
3753
2494
7805
5411
5751
2238
10320
2265
3765
991
5499
4334
4920
2340
6010
3975
3479
5811
2654
4771
2229
2383
3802
5031
1178
3295
6074
1045
2306
2175
3826
4416
6496
1678
3223
9084
2208
3148
3835
16554
1013
3456
3520
1973
4024
2834
1849
7018
2767
4115
1346
2633
3070
5632
2910
1746
1644
2349
2718
1365
8041
3965
3616
3249
9206
1634
2357
2226
2687
1883
4169
4832
977
1695
2916
1433
3061
1878
3286
3507
3525
3249
1407
5133
1510
1030
3803
2734
1389
2338
4689
2375
2738
3235
2379
5743
2064
6842
2449
899
2276
5428
2841
3388
4225
3729
1122
2389
2167
4178
2513
1611
1240
746
4381
2150
2820
3132
3995
3800
2965
2006
7363
2552
1063
1806
3986
2246
3154
3877
2990
3749
4117
2434
2153
3636
2539
3631
4027
1775
3066
5154
5303
1115
2570
2287
3586
1691
3082
2441
3154
1755
884
2660
4031
2667
2436
3466
2152
3343
1126
2630
4020
6123
4120
3343
3976
2643
6400
4060
2518
6392
2004
1182
3573
2096
8570
2768
3088
4117
3278
3941
8063
2192
6805
1282
2673
2076
1203
2089
2228
3590
3978
3342
1230
3193
5961
1444
3841
2509
2304
3246
5452
2527
1322
4212
3710
1142
1825
7854
2390
2972
3014
1139
2423
5905
4759
2575
3523
2389
3113
1842
4075
1588
3970
5214
2653
3574
2071
2599
1625
5346
2884
2535
2280
2382
1939
1665
2901
2929
2183
3181
2299
3522
2188
3026
2976
1974
1383
2284
2873
5455
1146
4872
3289
7692
4500
3180
1443
3783
2255
4558
2763
2506
2450
1420
2797
1418
6473
3228
6638
2915
1673
3567
2430
6158
1791
2847
8383
6088
5201
5737
5570
2668
2143
1516
1857
1599
4171
4763
883
1714
3164
2341
3181
3123
1212
2825
5669
5347
2131
5512
1905
1843
1281
1079
4518
1203
4770
2076
3262
2447
4500
2117
5190
5696
1843
5077
3917
3410
2430
10155
1980
2219
799
1987
2947
1978
4273
2706
3693
6348
2597
3196
2655
3485
1446
3614
2743
2919
3856
1734
4506
4321
1721
2421
3655
1703
4807
1608
4190
770
1160
5115
3375
1979
4399
3032
2413
1701
6344
3361
3243
3366
4271
8295
6985
5421
1915
1606
8564
1691
2406
2102
4172
8292
897
2535
8928
7183
4881
3792
10302
3462
7408
3413
1807
2380
6306
5039
4281
1284
4038
3521
3597
2499
4503
2042
5786
2756
7197
2277
1278
2078
4885
2422
1608
2014
3893
6062
3905
5145
1407
3379
2411
3461
2583
7595
1462
3466
4574
2097
7013
3457
7636
15315
3225
2927
2941
1349
3489
3502
3256
5596
2620
1695
4191
2152
2596
2866
2348
4241
1574
1255
2637
1816
5775
3076
2255
2321
749
3300
3097
1998
4140
2518
2595
1335
3047
5665
5403
3256
1078
3118
6368
5564
3102
1721
3650
5060
2244
2930
2170
4948
6065
8398
6132
6033
1915
2376
4203
1186
7337
2734
1661
4761
1126
2881
1615
2715
1155
2599
3046
5363
1330
3570
3006
2923
2611
2162
2168
4947
3526
1570
8249
3101
1581
4676
2456
2474
6585
6629
1611
2651
4274
1872
4555
2729
6516
2267
2092
1613
2568
6668
4342
12945
6000
3053
3887
2004
2149
2786
5337
5455
2784
2107
2569
3422
2426
2805
2082
1135
5908
1756
3569
3843
3738
2665
6219
2379
4843
1663
2063
3343
1757
2779
1834
7280
2183
1132
1425
3559
2339
1896
1502
978
1974
9022
2813
3874
2894
1177
2470
2572
3182
1834
2864
3323
10569
3190
1477
3194
2405
3003
1703
2637
2149
3068
1665
2985
6733
2104
1147
2291
3659
2989
4515
1381
4498
2119
1848
3051
4784
2225
5646
1609
2507
3982
2254
6888
1913
2191
1661
5931
8557
4458
3233
3372
2400
4135
1461
1736
4678
3455
2639
6112
5453
1014
2183
4017
2145
11040
5036
2800
2190
4632
4428
7588
1937
5001
7229
2978
7101
4814
1571
977
6717
1784
2938
4223
1755
2100
8898
4111
1198
1571
3305
4946
3774
2304
4843
1591
2655
10151
2288
2935
3788
2299
2618
5839
8592
2349
1177
1094
1968
1635
6292
2494
3629
1636
2296
1700
2669
5598
2415
2318
3663
3537
1115
2140
4369
2266
2747
3240
2628
2157
1695
4261
1355
4346
5349
2082
3104
2868
1677
4012
4944
2229
444
3446
730
1583
11560
1825
5962
2357
2946
3660
2102
3979
2471
2641
2808
5172
3124
1707
2661
3074
2668
4069
2475
2512
5434
4892
2125
2820
2154
1387
4506
2802
2106
4317
1731
2866
2919
6650
6359
2277
1640
4300
3731
4201
2658
3631
6267
1480
1825
913
3667
2584
3784
2230
3621
2545
3141
3018
2736
2194
6114
3969
5013
2229
4647
1997
1549
4756
1285
2621
7114
2853
3155
3598
5366
2651
4411
2711
4759
2637
2820
1084
2823
4112
3186
2613
2220
4322
3631
2949
1671
3665
4516
3631
5202
5119
3465
8019
3559
2996
2116
5331
3682
3028
4330
3488
2852
3392
2309
1359
3605
2379
7245
2684
6281
4925
1270
3502
3311
1877
2808
1087
1306
3190
3226
3746
2177
4956
2966
2857
1533
1057
3450
4337
2607
2362
1988
4241
4492
2658
1404
1552
2684
4090
2854
2192
1837
2816
2223
1611
3522
6721
1259
5717
1346
2342
2796
1791
2202
2346
1629
7127
10055
2425
3346
4161
4888
4982
2944
5901
2846
3589
1367
2906
5218
1641
4889
1721
2474
1666
2367
3350
5287
3474
3190
2561
4334
6842
1655
2577
1679
2906
3658
2452
2287
6737
1277
2087
3084
1573
2579
5297
5564
2346
3254
2371
1478
6597
1528
3824
6939
4656
3141
4587
1091
2401
2264
5662
2425
1840
2281
4383
4116
2683
2741
5119
1874
2914
2368
4376
2616
4670
1506
3058
3673
1898
1922
2421
1621
5722
3255
2260
2419
6645
2864
2439
857
1649
4603
2633
2321
3093
1725
4841
2297
3624
7492
2519
861
2941
1574
4319
1662
1684
2683
1612
3372
3784
2202
4446
2095
4297
4922
2517
1934
1759
3539
2290
3089
4836
1231
1932
3520
1503
9592
3615
2237
4288
2688
3274
5575
3354
1323
2262
2774
5205
2483
4101
1988
1667
1951
1965
2478
3127
4707
1150
3885
2611
3191
3476
2199
3815
2260
2576
2314
5101
3276
2979
3278
931
3212
3174
3281
1853
2503
2180
6211
4274
3077
3026
2298
1079
6034
2762
2640
2995
1656
2092
3737
2076
2620
2101
2879
2168
4853
3748
2056
876
4617
2514
1730
4920
1945
2483
4611
6025
3163
1515
3477
4255
857
2879
3855
1714
5137
8426
1830
3191
2455
1743
2471
3846
6114
1925
2698
1017
2381
1899
5855
3379
2012
4208
3690
1019
7010
1715
2462
2449
2716
6620
1598
6287
1359
5695
1827
5631
3753
3191
4071
3032
4917
2497
5324
3827
1803
9291
2780
921
7795
4477
1294
1601
2998
2459
2725
3896
2522
2550
4936
2288
1692
1697
2138
2222
3450
4194
1946
1644
2528
2722
7112
2720
6113
2381
2623
2959
4853
1442
4782
1690
4027
1384
2837
2121
1911
2281
3836
3577
2720
1955
7092
3001
2092
2163
5682
6111
894
3160
1925
6622
4155
2107
3709
2660
2838
3131
4052
3328
3108
3987
2434
1246
4405
3225
4987
1497
2605
2874
3007
2145
4779
1757
4275
3391
4287
2977
3205
3369
3765
3812
6416
2124
2365
4754
5531
4196
3779
4317
5785
2456
3905
7732
2822
3298
6014
2543
5734
1975
3445
3071
4718
1059
2831
6035
9282
3929
6575
2535
2421
1480
5318
5152
6522
4762
4074
5221
1641
2121
3756
6144
3226
972
4635
2051
3302
9045
5409
2363
2190
3775
4022
5243
5124
4877
4691
2023
9294
5742
3800
2948
4789
2017
2208
2269
2018
4957
2929
3174
6890
3151
4268
2919
2925
3329
3109
11292
6078
5723
2431
6829
1757
1133
4041
2114
5639
5608
2645
1179
3433
3369
2212
2002
3712
3011
4015
2644
4524
2951
4954
3101
2300
2792
4490
3739
1343
1515
2821
3097
1814
2709
7248
4247
1837
4611
2434
1342
2679
2616
4409
2348
943
3321
1808
2480
3257
2841
1476
6460
4169
906
3147
3736
2645
5320
3055
852
3229
3768
2314
2436
4066
3753
2401
4733
3218
2421
1360
1837
6468
2825
3992
2617
1837
3185
2884
2909
5075
5285
4989
4958
6667
1687
2795
3182
1408
3201
1322
1295
3292
1849
4527
2505
2563
14270
1291
2245
2408
1936
3282
3895
1862
2920
4383
603
1960
4750
2734
1481
3658
2129
3004
3272
4178
8863
1206
4727
11701
920
5049
3517
2134
2742
3384
1919
4450
5944
5181
4389
7696
6290
1225
3037
2120
2365
1698
1915
4972
3052
3602
2371
4742
3046
2860
6024
2941
5238
3807
4218
1261
3386
1972
3798
2234
3062
3843
1677
3156
2704
2846
3915
3734
2047
3792
2830
7803
1611
2556
1942
2797
2887
3334
2105
3740
7451
4307
3797
6096
4481
5754
3426
1501
3184
2965
2343
2644
2612
3103
3549
2011
3836
2531
4563
4588
1983
4561
2463
7953
5547
2082
3576
4148
1933
4708
2692
1994
4092
2156
3680
4292
1935
1809
2052
4690
4927
2247
4685
4666
4980
5468
4111
2296
4600
1709
3572
2905
4225
2767
2541
3558
2054
3254
3038
2959
2218
2557
2842
1171
2680
2756
1348
2038
2502
2834
4181
3049
3677
2531
5335
1999
2733
1606
2782
1825
3434
2553
2894
1921
2070
3022
2766
4781
2893
2167
1477
2022
2437
4151
2322
2505
4005
4210
3091
2630
1913
3400
5040
3145
2301
1664
2069
3079
3590
3069
2245
1051
5972
1760
2003
4850
1523
1450
2094
6741
2520
3047
4580
3963
3449
1324
2617
2535
3140
4146
6797
11276
2422
1144
3199
2470
2181
2178
2576
2070
2577
3509
1000
5640
2653
5585
1238
4138
3585
1864
4279
1798
3677
3279
7939
2268
5517
2016
3244
2784
3799
1468
2712
2090
4705
2325
6684
2375
786
5817
4888
3006
2878
1473
4711
898
1519
2234
3250
2037
13387
2804
2986
4255
5019
3080
2927
3124
2013
6052
2488
1270
5846
2706
4852
3045
2368
5550
1650
4626
3404
1911
2160
1950
6817
3241
2982
1454
5073
8087
5511
1062
2870
5051
2984
2919
4108
3514
4215
2264
5629
7423
3751
1982
5608
3659
6855
1301
3293
1587
1785
1213
6035
3182
1876
3314
2583
2718
4739
4358
4541
2846
4221
3172
4929
1604
3545
5608
3210
3455
5902
2476
3825
1582
3199
6544
1816
1380
3994
1639
2764
4370
4625
2434
1598
1105
3228
1830
4956
3876
1484
3662
7393
8165
2885
2601
2221
2325
2383
7376
3570
9671
3060
3978
3100
3308
2255
2684
5281
3623
3036
1982
4470
3317
2580
2934
3171
2774
2297
3019
3048
3178
2229
7929
3436
3114
2868
2853
2016
5718
1909
2184
2542
1622
1380
3548
2709
1540
2935
7823
3559
4559
4271
6057
2659
10788
3859
1635
2710
2320
1986
4759
2204
2559
2601
6543
3939
1999
2477
1719
1838
2264
4616
1773
2484
3965
3928
1695
923
1657
4110
4754
6609
5877
2814
2649
1174
2200
1886
1979
2662
1628
2353
4732
4346
3800
2162
2870
2640
3188
1851
5234
2306
1743
2565
1398
6332
2988
2602
4803
2299
3393
1296
3970
5401
2180
3539
1206
2844
2722
5364
4342
3818
9524
4262
2142
1733
2009
5941
4858
2261
2878
3209
2054
2754
2566
2734
1671
2279
1628
5801
3948
8020
2937
2346
2631
5062
1224
8195
10640
4159
5941
2255
5733
3877
3589
1400
3194
5756
6988
9374
2742
2801
3962
1446
3867
2120
3591
4933
4434
2594
5224
3480
2135
2097
5235
5206
2378
5782
2537
3790
1544
3490
2850
2036
2127
1905
2339
3336
3953
2275
5655
2843
2108
1435
1063
2680
3939
3535
3257
1653
5798
4059
3095
1686
2479
3316
6625
4463
3786
2589
4637
3779
3692
3908
2358
2507
2776
1556
3001
3013
2518
637
1572
3243
1794
2951
3399
7438
4531
2686
2380
1416
4838
2691
4852
9248
4235
751
4931
1632
2855
3765
1808
4602
1933
4490
5031
2868
3799
3822
2591
2040
1833
4078
2457
3162
2792
1980
3364
4575
2777
3017
2927
2659
3782
1602
4689
2064
1324
2841
2977
2737
1030
2806
4126
2535
4348
2630
2787
1569
4998
2086
5486
4966
1577
2605
2484
1687
2436
5359
2432
2924
4912
2263
2678
2565
4458
2301
4259
1733
6575
3099
5756
2472
1614
3238
4626
2316
1959
4041
1962
4763
2665
7130
968
4969
3204
4238
3174
4105
3550
2144
3356
1781
2875
1145
2628
2154
2970
3550
3187
998
5024
3544
2455
2959
5054
4024
9135
4414
6714
1469
3059
765
2779
1324
1891
5581
3113
2373
6160
1989
1597
2704
1852
1420
2907
7518
1851
5341
3110
2165
6338
3765
2595
1871
1148
10917
2111
2301
2640
1749
1106
3358
2605
4158
4035
3454
1145
3310
2440
9447
3094
7660
1919
6354
1993
5954
3494
5162
3216
3293
8182
2916
3398
5405
1517
3006
2094
2699
2163
2212
4652
3592
3056
2843
2826
2326
3078
1925
1839
4530
2262
1423
3518
6761
3480
3202
3075
2543
2075
3141
2105
2115
3847
3970
2491
2493
2281
2718
4096
3470
1492
2717
4947
3490
6576
3947
3265
3610
1563
2760
1815
2397
10779
2395
3932
1782
1959
3373
3863
4567
2017
3277
3629
5506
3816
4891
1212
2369
5765
5291
6134
7748
3841
1921
3036
4166
6813
2947
2316
3329
5492
898
752
2217
1994
6595
2223
3217
2165
6383
1599
3554
2613
1353
2860
880
2122
3414
3802
2947
1976
2706
4829
4080
3824
3096
3040
2659
1671
6627
3451
1810
4604
6788
3762
7148
2806
2379
2619
2573
5139
3103
4233
2833
5473
5935
2679
3330
1570
2944
3072
3480
2435
1953
2118
2537
1878
3029
1498
2277
4676
5567
4779
5399
4306
2083
4617
1277
4254
2210
3346
3816
2711
911
2430
4038
2062
2534
3430
1976
3933
2664
1826
3858
4708
1850
1505
2639
1261
3221
4013
2981
2097
2962
4387
1234
2865
2400
1017
3550
1902
2391
2976
1309
683
4491
1498
1240
4971
4354
2453
2805
3278
1717
954
2569
4430
3862
3028
2811
2886
1054
3596
2697
2040
1472
5264
2442
2234
3529
4678
2557
4364
1698
3485
813
1558
1654
3660
4934
1720
4723
2865
2664
3040
4798
1653
3967
1401
2160
2743
3896
3075
2058
3016
4281
1448
1691
3729
1753
2111
3291
4035
4109
2959
3992
2687
4159
1932
3654
1455
6802
930
6028
7074
1867
1537
2765
3652
2210
1841
2315
3770
5224
4974
1819
4213
3408
1065
6201
2457
9796
1767
4801
1473
2836
5950
2502
3766
2465
1840
4008
2758
1652
3111
2389
1926
3805
4268
2014
6497
2411
4257
3570
5750
4946
1480
3064
1869
4367
4209
5002
3680
5803
3306
3854
2827
8419
2112
3306
2371
4889
3298
2956
2507
2299
3432
3104
3190
2877
4752
2229
3799
4670
1014
2894
3712
3397
1798
5959
2700
2947
3300
5191
1561
2536
2777
1290
5953
3112
1201
3351
4647
3254
1952
3115
2678
1769
3604
3327
3273
7368
3505
2809
8115
3466
5581
3266
1798
849
2526
5153
4173
3644
1906
4155
2591
2552
1598
4581
4694
2516
1676
4912
3318
2509
3426
2700
2860
2865
2264
2580
1875
7210
2054
1654
3309
3475
1813
7073
1287
2769
3822
3760
5474
3754
3413
4004
3582
3081
2807
4078
6077
1416
3519
4713
4497
5126
1473
3965
2738
1106
2470
2857
2551
4355
2333
2471
4971
2445
4485
2294
12516
2192
1653
1932
2074
6883
1812
2439
3834
3496
1936
3615
3219
2382
1014
1620
5725
2482
3492
2780
1505
3722
9384
3513
1353
3056
5429
2632
4621
1695
1715
4907
1362
2380
2665
2106
6375
4676
2368
1667
5113
1727
3182
4150
2528
2066
1453
5558
2395
2527
3668
2385
1012
4129
3148
1611
4749
1102
4149
1693
1761
4214
2885
2516
5257
2813
5678
4336
4433
3872
2364
6401
2222
3618
3075
4229
3878
5009
3769
3281
2158
1274
5727
4028
4588
4932
2306
2934
4057
8218
2985
2359
4899
1570
3959
1886
2671
12303
4928
5155
2127
6221
1824
8688
2705
1503
2950
4093
2716
2651
4019
1955
5855
976
2292
3083
2119
3408
3031
814
3483
2419
2898
1917
3027
4753
2242
4482
2017
5241
4358
3258
3563
5619
8235
1519
3960
3751
4480
2102
5100
2566
2508
1984
893
2807
1713
2608
2589
3044
6624
2804
7637
2443
5037
1764
2892
3395
2963
4885
2326
5728
2596
2139
2901
4824
1683
5511
2079
3440
1685
4293
2705
3553
783
4220
2645
5148
5553
5131
6389
2016
4767
1657
4916
3029
5837
3121
2076
1997
3742
2256
1681
2841
3748
3190
2020
5023
2951
1693
3200
2986
2094
2397
4030
2048
1498
2280
2817
3283
2124
2655
1863
4547
3583
866
2320
2518
1636
3068
3431
4284
2713
3761
2439
899
1479
2885
3313
4646
1689
5080
5183
3397
6084
1981
3975
5691
3264
3154
3566
4853
1742
3343
5379
6742
3226
2591
713
1969
2960
2270
5180
2917
8310
4892
3957
4207
2115
3157
11382
4483
4754
9142
1947
4375
1754
1769
2627
3054
3065
2846
2716
1676
1705
6841
4593
2396
3722
1467
2103
2825
2209
3548
5027
2483
3225
5040
2861
4635
2437
2789
3797
1004
1730
1861
6156
2689
2775
1643
6005
2163
1476
2891
3094
3193
6576
3974
2849
3870
4887
3425
2403
9042
3941
3657
1513
2077
2447
1912
1887
3388
8001
3473
2393
3232
5962
2455
3280
3128
3014
3174
2173
3820
2603
5470
1951
5092
2369
3678
2106
3652
3107
2902
2197
3387
2488
7940
4985
2997
2314
4288
12302
4017
2884
2704
1714
8307
2422
2775
2422
3590
3144
2498
1549
2732
2661
4824
2480
2467
4030
2732
4172
6852
7191
1050
2509
3919
3125
2651
2482
728
4637
2344
4569
3497
3107
3070
6507
3752
5643
3262
1392
5723
1893
4579
3201
3663
3912
3279
3156
1875
5229
5148
5138
3811
1889
1907
2495
5832
3257
6043
1992
3359
4453
2836
1548
5076
2777
6886
1633
4485
2253
4734
4234
7973
2525
1913
2906
3398
4810
4002
4993
2653
563
1683
1555
2180
3123
3639
2422
2177
3026
3154
1978
1455
3872
7574
1704
2940
1118
3489
5412
1773
3164
3009
5920
3753
9076
3793
3331
3111
6784
2853
1461
6375
2267
3651
3671
5567
8179
4534
4664
2201
2763
1192
4388
2010
2427
3807
3602
3087
2305
3834
1225
3182
4109
4097
1976
2020
7239
2123
2835
3990
2871
5652
2152
1920
6874
7243
9935
4780
3214
2028
1786
3824
3603
6048
1095
5164
4500
3889
2324
3886
3085
2885
3753
2258
1765
1475
2450
2692
3375
4383
6330
1572
4314
2496
6147
8097
6514
1959
3853
9785
701
1989
2501
2311
2349
5565
2475
1284
3650
2207
5478
3180
2025
4213
1488
4626
2875
1032
2269
7405
2263
5034
7789
2452
5562
2511
5449
2639
5011
1883
1589
2696
1502
7806
2271
3906
3803
1822
1767
3192
5450
1734
5080
5661
1470
5323
1958
2317
3014
4252
5208
750
3007
5784
1891
2769
2198
6379
1404
5674
2179
2899
819
6032
3388
1440
3028
2849
4496
3143
2695
1849
2965
2169
7454
2647
7683
1850
1349
2890
4189
1961
1425
4647
2251
4361
3330
2200
2834
3493
2039
2193
9857
3279
7436
3121
2404
3692
9398
3837
2795
1748
2083
1626
2715
2999
9520
2523
2259
3348
2408
4765
2217
1751
2834
2338
3866
3586
9349
2886
1248
3632
1883
2440
1039
3262
3240
1192
6615
4391
3730
2635
2234
2787
1580
3192
2460
1026
3069
4081
1485
3095
3972
3088
2837
3106
2539
4399
5071
1654
2901
4864
2355
11114
3089
1835
4364
4217
2584
1600
4475
3427
5516
2854
1806
1332
4462
4011
4059
6475
2534
8376
1213
6613
3160
4666
5085
2393
6028
3964
2475
814
4559
2275
5940
2762
2073
5638
1777
3608
6570
2267
2181
3814
2218
1307
4836
4411
1847
3506
2220
1281
4001
2837
3275
4802
1490
5654
2974
2376
1671
1207
1026
3720
5317
1987
3043
1182
2772
5275
2876
2610
4387
7094
1937
1033
4120
3909
4257
4031
1398
2482
3891
2093
4164
2672
3371
1458
632
3846
2467
2245
3309
1582
4175
2818
3101
4657
1406
5734
2747
1583
3494
2043
1854
3689
4295
2306
3117
2842
4985
3025
5371
3186
2613
2347
6059
5220
2826
3729
3317
2544
5276
2184
2428
2670
2254
2594
5149
2075
4141
4330
2846
3722
4247
5466
2409
3281
1454
1506
5787
4738
1601
3076
4259
920
5029
1612
2948
8284
3848
6943
2475
2771
1658
5964
1246
2212
5367
2382
3277
2280
6309
1639
1411
1951
2555
3169
2492
2115
2005
4546
4159
2254
546
4807
3684
1049
2285
2791
2814
7879
5723
3205
3936
1637
5184
3654
4501
1165
3534
6176
1512
3122
3815
2311
2228
3141
4963
3172
9258
2895
7086
1772
4106
1837
4397
4330
4649
3742
1683
5099
755
5777
2214
2630
4542
1818
1052
2903
4463
2683
2571
940
1928
5441
2854
3516
4166
4517
2561
2060
1547
2783
3541
3797
3106
2912
1757
3188
2876
3366
2425
4529
2021
4521
4170
1790
2712
2933
3122
3037
6733
1373
1671
2449
3559
2287
3609
1931
2744
5999
2149
3892
4540
1585
2866
3185
4337
5615
3170
2942
8831
3560
1815
5130
4394
2471
8154
5789
1873
1606
2207
3224
1147
4150
7705
2937
1808
4416
2162
4003
2036
2273
2711
2502
2911
5254
2207
1816
2281
2086
2886
2210
3233
927
2937
4019
3301
812
3637
2419
2311
3889
1836
3738
2777
1868
2600
2114
1301
2550
1883
6598
2466
2164
3390
1769
3410
2774
2772
2613
1149
2785
2081
4744
4434
3248
3155
1736
3397
4993
3915
4215
3503
5719
5570
1078
3136
2674
4228
3373
2666
1078
2907
3793
3053
5136
2752
2911
2390
9399
3279
1377
970
2733
3218
1832
4519
2560
2278
2366
2213
5405
3574
3544
2682
3424
2108
6090
2198
3700
2741
2286
2823
2795
2380
3578
6149
2375
3124
3456
8032
3130
1801
2177
4619
3120
1660
1195
1204
2018
3796
918
7360
5173
2690
2964
3659
14224
2094
1674
1750
5084
2791
3804
2783
10606
5105
1022
2412
3587
3239
1492
4323
1853
2204
2539
2221
1489
1514
2174
3049
6119
4853
2499
3671
2352
4419
1912
3458
1486
2357
4774
3384
3581
2754
2248
3460
4639
5463
4067
2952
2326
5483
3468
1927
2503
1872
3594
2765
1580
5284
1607
4653
6705
2518
6416
3194
5658
4029
5260
1127
5584
2587
3509
3140
1923
4443
1839
3993
4914
3043
1640
2787
2300
797
2990
6103
4736
7017
5993
1868
736
3863
1839
1843
10974
3274
13637
3185
3332
4382
5108
3289
4418
2004
6715
1963
2761
3549
4554
4828
2213
3095
3325
1815
2604
6034
2131
4113
3962
1249
6608
4239
3632
6686
3422
5102
2019
8716
2382
6693
3589
2188
4250
2623
7475
1416
2407
2684
1932
4485
5498
2098
2795
3364
3521
3214
3437
5228
2763
2548
2471
5251
5581
5224
2137
3370
1766
2995
865
4633
1446
5614
3086
3084
6501
3093
5928
2782
2592
5352
2140
4811
3189
2967
2731
2158
2923
1204
4032
4195
2309
7739
1044
3024
4637
5147
3915
1979
2659
2799
2621
4577
1868
4686
3620
4981
3309
5996
5266
2663
2018
2025
1189
2280
1732
2521
2330
2099
2871
2075
2064
7068
1915
1752
2746
1995
6712
5604
3329
4457
2506
7198
5172
5326
4152
1790
1371
3750
2614
5764
2841
1682
945
2620
6782
1323
4903
2133
3818
1533
2299
2776
4959
2296
2717
2652
2515
6106
3585
2959
2127
3611
3634
5367
4194
1866
6774
2351
2562
2655
1232
3330
2258
1726
2914
1152
1602
3183
3332
2686
4848
997
9263
2915
2712
1652
4304
3663
2069
3533
2453
1369
1268
1428
4170
2024
4630
3106
5356
2611
2497
3243
4361
2598
3625
3584
1823
4018
2246
4645
1389
1046
2434
3258
4953
5102
1724
4166
1899
3676
2147
5284
2731
2822
2212
3798
3253
3482
3830
4569
3102
1627
5067
2849
6053
3342
4444
4338
2549
3225
5383
3082
1885
5463
2769
7358
1663
6351
2929
1949
2774
3433
5025
3294
3193
1773
2254
4145
3878
3493
3427
2851
3892
2180
1741
1008
2702
2989
3414
2738
5376
3146
4166
3127
3587
3581
1771
3179
3007
2853
658
2983
1119
4336
3434
2792
1793
4880
2653
2586
4774
1295
2783
2538
1312
1982
4223
4336
1409
2231
2559
4312
4337
6041
1889
3519
1550
6985
4173
5281
1743
3001
1957
1641
10570
2812
3091
3675
6258
2806
1904
2714
4851
2752
2873
4392
2292
2826
2348
4837
2622
14493
3314
1624
2195
5078
7672
1502
2865
1820
1344
4952
2664
1738
3629
1667
2955
3674
3658
2724
2008
2622
2549
7154
1576
3367
2128
872
6845
2396
4910
2549
5240
2082
2417
1668
1006
1928
6452
2673
1451
4150
2610
4349
5037
3387
4005
3593
998
3769
2377
5366
2995
2776
3331
5552
1466
2291
4582
2540
1894
3260
1555
4554
2750
1486
4500
2888
5546
3490
2797
3267
1860
4620
2967
6086
2529
3294
1659
2895
3443
2333
4035
1863
2926
6294
3550
5477
6948
1160
3378
4501
3181
2781
1599
2322
2114
2132
3270
10203
3698
3949
2997
1236
4292
3129
6015
5223
5567
2889
1682
4163
4738
3164
5505
2048
1784
3308
5086
1981
5904
2338
3974
3140
1707
3098
1677
2561
1901
2266
3379
12580
1867
2550
3802
3562
3248
2098
2171
2388
4360
3614
5463
2032
1525
1919
3293
6192
2769
2340
3227
7246
3862
1070
2825
2203
3295
4132
2750
1491
2572
7436
2424
959
3564
1907
2290
6532
6037
1246
4419
3920
2477
7213
3039
3674
2535
3391
2477
3126
4373
2914
2898
5188
1942
2164
1391
3462
2835
4895
1577
3445
2172
2636
3714
4031
5612
2658
2381
7560
3438
4118
2813
3697
2929
2718
3370
1898
4263
3066
2670
4931
3579
3430
3685
2614
2410
4250
1721
3066
1699
2991
3258
1869
6289
3949
5511
5355
5703
6347
5468
6079
1898
3948
6088
5513
1919
2117
1717
2464
2958
2444
2037
2368
2723
2184
1954
2129
2125
3693
2912
1609
1913
4552
4639
3547
1534
5095
2527
3306
3059
3029
2053
2123
1534
2975
3768
1552
3718
6754
2153
6294
2628
6687
1952
2478
2807
2306
1688
5072
6104
991
3894
2263
2367
3119
2553
2435
2087
3137
3316
4324
5195
5145
2081
1091
2469
6572
3103
2202
2942
1569
2901
7923
5239
2977
3538
1664
4391
1570
3767
1687
4341
4419
5244
3890
7389
2955
4322
1541
2614
2803
1359
2210
4728
2476
3974
5757
2233
1633
1207
3576
3881
2500
3526
2496
3423
3580
6301
2498
5895
1913
6003
2990
2543
2566
4205
2641
3929
2648
2710
3491
4949
4645
6184
2328
2919
1971
5893
1437
3766
3719
3986
2976
1500
1216
1821
5196
3094
3974
3073
3655
6153
4064
4459
1953
3007
1997
3290
1104
1539
6783
3073
3130
1390
5622
3074
4324
3494
4578
1156
4320
2925
2873
5200
6179
5915
2132
2683
6401
5384
2165
1328
3934
4727
1919
1549
1895
2465
4983
3716
2191
4485
3741
2247
1595
2849
2230
2338
2135
4162
6884
3888
7817
2157
4256
3443
4037
1192
4604
5969
3819
3948
2658
12481
2065
2670
5003
3580
4251
2232
1574
1421
3645
3630
5116
5393
2390
1822
3521
7991
1932
3922
13880
1559
5467
3147
5309
2826
1127
2213
2030
2987
2624
1889
3013
1426
2410
3089
2832
3910
1754
2598
4751
3577
2817
3100
2380
3870
3120
1415
3769
6376
3465
2574
2060
1974
2084
2016
3918
1716
3211
3318
2104
1611
3172
4793
2291
6177
2311
3394
3287
2854
4781
1323
4603
2131
3253
3646
5066
5278
7652
2875
4547
2904
5857
4215
845
3024
2174
2645
6568
3457
1963
1603
2857
4306
7024
939
2289
3720
5527
5828
3864
2072
3366
4949
3016
4110
3665
8224
2858
9783
1859
5298
1184
2426
6125
2091
2512
1439
3519
3051
3338
3209
3370
2661
2443
3538
1476
3058
3274
4191
1281
2157
2190
3876
5463
2002
9336
3598
3941
2464
3691
3920
3697
2566
1421
2274
1978
3434
1895
3031
4119
3332
2317
4539
3125
2678
2660
1204
1726
3180
2207
2928
1597
2429
5101
7292
1582
2681
2417
2310
7814
3539
1748
1855
6101
2103
7158
11522
2625
2117
996
3979
2646
2388
1820
2216
1466
6803
5019
2708
3738
2578
3116
1400
2101
1973
2915
4011
1599
4452
3051
3755
3560
1363
3917
2183
4385
5706
12730
2060
3511
1166
1473
5290
4326
3338
4020
6319
7678
2560
1386
7960
3213
5144
7426
1804
4490
2476
980
2099
1184
3242
2823
3517
4525
4676
2492
4533
5391
2505
2713
2245
1691
6010
2888
3147
5140
2033
2894
2974
3133
4238
7550
3534
5314
6462
1864
4458
2472
5102
3791
1842
1882
2044
4900
3264
2444
2844
1342
1743
2776
4337
3797
3079
3205
2181
7435
3417
3280
3569
2797
4732
3937
2460
3907
2288
887
6683
1887
6121
4701
1428
5067
2482
3688
3143
5377
6039
1455
1422
2515
8049
1504
2393
2851
2625
1994
1973
2014
5074
1746
2284
2698
3762
1972
1884
2299
1974
1008
4965
6540
2331
5353
5923
2312
1586
2654
1778
3973
2266
4008
3430
3855
3498
3804
1824
3061
4017
5722
5555
8335
3557
1909
2056
3403
4034
4397
2546
920
3856
1987
1236
2608
5548
2138
1422
2810
2432
1523
7706
4036
2302
6148
2299
2262
5175
3113
2064
3359
5056
2412
2027
1645
5518
3655
2033
2535
1756
731
6279
13671
6317
1835
1663
976
2801
1847
4943
2522
1254
4794
6093
3869
4033
3042
1641
2277
6859
2860
2801
2142
2784
3276
3612
4113
2571
6240
2301
3208
1649
2843
7041
7695
6975
5105
2515
2982
1500
5059
4549
2427
3383
1791
1347
2854
4305
5518
3208
2321
4606
2795
3390
1435
6564
3509
4898
4104
1134
2415
7089
3644
2223
2469
6178
2077
1748
856
2601
3917
2509
2823
1555
11830
3262
8287
7114
1634
2818
1961
1483
3120
3719
2378
2940
1014
3663
4837
1581
1048
2594
2780
2986
3943
8575
3680
3769
2122
3560
4701
2897
4882
1954
4025
4109
4658
1232
2056
1704
3283
2226
1084
1520
16131
3470
5685
1918
2317
3513
7502
2617
2293
3969
5836
1592
2889
5203
2386
4784
1227
2816
4756
1518
5196
2909
1390
3171
2011
3489
1524
6069
3358
1615
4843
5988
2465
3044
5836
1402
4680
1006
3531
1210
8664
1690
8738
2211
3597
1781
2120
3303
1697
4245
879
1620
2612
5300
9174
2518
2197
1245
5210
6159
2494
3524
1207
2015
6291
2955
1794
3123
2610
2133
2579
1596
8341
2907
2384
1640
3309
3866
3011
3099
3571
2869
3227
2297
3635
1856
3557
1916
1461
2528
4140
6106
1270
2061
3399
4019
2715
3474
3891
4418
2625
1557
2709
1781
3967
3532
4862
6091
4792
7730
2447
1336
5839
4260
9841
4414
8657
5154
1659
1418
2636
1418
7088
4627
4011
2498
2101
3898
3036
8074
3478
2082
4052
2328
3740
1787
2282
2831
4594
7085
3663
2035
3903
2629
5135
4585
3038
2644
2060
3622
3719
1596
2869
3212
2870
1818
2866
6129
2842
1847
4294
1876
3998
2183
3376
3089
1595
2795
2135
5687
5016
1940
2619
2523
2540
1935
3860
2388
6905
3513
1580
2720
2527
1772
2939
2055
1066
4593
2705
5651
4814
3352
1449
4253
3136
2134
1403
1470
3787
2924
1409
3525
2653
1744
3609
1440
1632
1776
5053
7729
1915
2939
2962
2383
1802
5821
5234
2921
2692
12917
2092
4411
2639
3769
4194
2168
1845
1923
3294
5508
3870
2490
2879
3463
2491
3960
1581
3087
2510
5501
1426
3869
2640
2995
5236
3464
4343
2855
2809
1129
2534
3234
3408
3045
3513
3281
3626
1832
2557
1069
2137
2350
2680
1710
2249
1941
5632
1153
4839
1801
2141
1983
2678
2820
2063
3933
3674
1185
3107
2035
1730
1929
4484
5007
2444
4852
3772
4920
1068
5371
6072
1802
5526
4198
4572
2168
6854
3539
2001
2893
2503
5187
2654
3141
2305
2285
2071
1404
2872
5461
5404
3226
3697
2942
1190
3433
4157
3964
5444
3741
2259
4357
4001
4793
2096
3439
6399
3022
2064
3716
1650
2997
1498
1834
3451
5089
3958
2790
1681
2489
2601
5824
2010
1949
2246
4631
2722
2224
2069
3276
5365
2716
4108
3929
3165
2207
3215
2974
4406
2799
3106
1233
5356
1796
3353
2798
1397
6650
4061
3098
2076
1526
3818
6784
3356
7433
4937
1829
2119
2601
3946
2933
12600
1362
3597
1077
8523
3819
3238
1336
3866
2517
7062
1738
2396
2290
3361
6709
2300
2122
4261
3769
1456
4488
3332
4083
2398
5142
3841
2480
2971
3360
6533
2215
9335
5615
6174
1194
2721
2126
2053
5526
2386
1482
2833
1058
4239
2451
5416
2150
3501
1172
1405
2114
4679
2063
2824
2960
3746
1172
6973
4670
5391
2070
5081
6311
3388
2560
1732
5348
3413
2729
1601
6644
2045
2732
5944
5024
5076
6336
1602
2481
3100
7833
5759
1222
8098
8286
4422
4201
3762
2253
1392
1986
2364
1168
4772
2613
4380
1753
3590
4532
2089
4044
3525
2902
3065
2252
3266
4744
2772
3028
3439
4656
974
4134
1753
2737
2131
3488
3458
5040
1817
2237
2138
3295
7593
2623
3288
3881
2271
4667
2329
1778
2646
3002
5104
5077
2091
1586
3149
1016
3645
5420
3683
4995
2045
1801
2829
2950
7841
4587
2416
4875
2554
5343
3688
9334
2459
1959
1714
3012
4582
3458
5352
2455
2022
2195
1363
1622
2356
3588
3386
3078
2371
1772
3057
7342
4979
5202
2762
1263
4466
6700
2859
3226
4416
5880
2473
1775
5399
3681
3518
1249
2466
3739
6282
3636
1667
3966
3308
2109
6392
1335
3261
3441
5396
4066
2202
5934
2580
3131
2602
5794
4286
2392
1299
3252
5602
725
5359
3219
2371
3755
2735
3902
2522
1360
4051
5625
2401
3169
1892
2752
7545
1861
3241
2953
4895
14172
3184
2211
1643
3014
2199
2510
2477
1329
6869
2908
2635
2804
1442
3093
3790
3973
7079
2279
3792
3465
7054
4630
13300
3105
2493
3985
8254
3165
10078
1249
1764
4634
1223
1425
5413
2803
2445
701
3868
2944
1590
3101
2766
5839
1526
3067
5081
4000
3272
2091
1845
4184
4727
2403
1415
2406
4028
3203
944
2222
5662
1956
1968
5332
5101
1450
1850
3871
2836
6013
1343
3778
3543
2306
2149
1175
3265
2801
3090
4274
3850
5926
2199
3609
4946
4504
3143
2069
2064
4980
3384
1869
3163
2537
6528
1901
3189
2348
1120
7629
3682
3125
4249
5494
3315
3129
3381
4719
4595
2212
3870
7281
2660
5648
3270
7447
1969
2118
5133
5053
3278
2048
2258
1775
2782
849
4969
3006
1543
4388
3789
2701
7148
2947
2056
3215
2279
3305
5782
3579
3333
7302
4465
818
1418
3213
1817
2391
2276
1835
1590
2064
634
6658
3472
1604
3653
4954
2100
1975
3920
3339
7052
3258
2801
1136
7031
2077
3737
2435
2459
5077
2712
6224
2576
2487
4190
1720
2465
8806
3243
1573
2122
4195
3351
1610
5916
4519
1239
6098
2583
2060
2807
5157
3161
11014
2672
1891
9091
607
3632
2755
2503
1574
1674
3327
2957
6008
4199
3114
4013
2279
3074
2059
4708
1862
3826
2876
2971
1161
2798
3926
1162
3065
4072
7603
3432
1724
3263
2485
1865
4839
1206
4113
2635
7336
2703
2914
2262
3144
4943
3222
5971
1944
4934
3676
4122
1710
2313
3378
3973
2062
1267
1462
6694
7490
4784
4931
3600
3463
1429
1427
2432
4219
5238
2782
5092
8095
2426
2010
2585
1900
2183
1629
5229
3681
4195
3157
2730
6836
3765
5022
4030
3258
1191
2867
3561
4313
3222
6904
2426
6281
2329
4877
1360
