4425
2228
895
943
3389
2282
2593
3974
5563
4202
4401
1291
6251
3610
1306
5353
1686
1489
6270
3596
1460
2587
2341
5151
2358
829
1802
1997
1535
3480
6322
2125
3089
2943
1467
5777
5180
5864
6838
1916
4606
3146
4234
4121
4140
4029
3848
3328
3408
2519
4950
1668
2300
1436
2013
1738
2232
2117
4967
2846
5122
8130
14238
1721
2382
1551
914
1320
1957
3935
2152
2250
877
2317
1884
3944
2544
6637
3227
1583
1760
1587
1953
2554
2166
1151
2150
899
3690
2335
3858
2540
1207
1999
2095
2441
1530
2436
2879
4865
1021
2668
4815
2609
2500
5926
2017
9905
2061
2670
3444
1880
4179
4925
2855
5396
5220
2655
2384
2962
3513
5396
1953
6140
3487
947
2652
2270
2049
1732
1940
2737
2474
1960
2616
1824
4813
1565
2474
1963
2322
2078
1835
2022
2555
2059
1854
2102
989
2323
8042
1928
2953
1454
3661
923
1783
2756
2783
3103
1931
3420
1531
2086
2809
4597
2914
2393
3263
1167
2848
3359
4844
2860
2188
800
2528
9037
1502
2838
2205
1186
3223
6800
2887
3001
3559
1937
1943
1754
5618
3894
7587
4222
2296
3224
1854
2255
2149
2724
1960
2704
4483
1821
4743
3619
2465
3523
2001
3732
2114
1409
2923
5741
2683
723
2058
5259
2064
2897
2269
4676
2950
2333
2596
4175
1655
2080
1800
3640
2051
2116
3088
1667
1727
1024
2456
1928
6471
1623
1890
1230
2239
5396
1919
2018
2160
3647
2339
2672
5670
3043
1522
1643
2101
1466
5858
4385
4659
2768
2167
2039
1770
1136
1970
4322
2582
3042
6029
1740
4232
3722
1961
1608
2336
4292
3559
2215
3915
4084
2909
2047
3879
1808
4805
1653
3627
4349
5863
1486
4724
5651
3964
2238
1676
2031
2767
3141
2634
1922
3379
6168
1479
4939
4190
1147
3504
2733
1378
2678
1901
3092
7157
1898
2301
3045
4172
2532
4552
4265
3992
1988
2249
1111
7538
1878
5692
4843
2278
2012
1699
1013
1964
2611
3473
2289
2561
3268
1846
1194
1671
3304
2384
2154
2833
2671
2481
3649
3117
2502
2247
1399
5827
1932
2440
2528
3125
3263
1539
3941
5624
3015
3990
2812
4963
1183
4730
3488
1643
1971
1110
4123
3792
2579
6011
2716
3201
2722
1932
2493
3710
4886
2086
5042
1233
5707
1791
2482
1943
3985
2538
6863
5942
1881
1900
3600
2593
2306
2689
3080
7252
3108
4259
2394
1673
1938
4248
1609
927
3002
2024
2204
4375
2277
6443
2224
3967
5881
4328
2909
4587
6110
1974
4735
2191
1775
2069
4279
2828
4669
5707
4603
4791
5223
1963
7067
2375
2673
2386
3262
2034
3891
4538
8154
1556
3671
1750
2307
1336
4116
1648
1795
3189
4066
3624
2962
1131
5949
2878
3093
2208
8505
2322
1024
2660
766
3436
3722
2562
1594
3284
4356
1509
4047
2640
3306
3540
4688
2655
1775
4336
3222
2360
1694
4945
3896
7087
1193
2715
2133
2007
4718
6692
1019
2063
3446
5342
3647
1442
2005
2835
1071
2280
2105
3481
2594
4683
1896
4054
6268
7196
3065
1899
1982
1820
1083
3110
3445
2014
2092
6567
1906
5316
4070
2523
1526
3478
3128
4705
2114
1146
1641
4146
4838
2687
5435
1587
957
2984
4652
3195
1494
10044
2482
1991
2125
4314
1781
4528
1646
2874
6093
3407
2808
1535
2906
1696
2452
946
5287
1454
3309
1687
4865
3990
2257
3840
3035
3705
2533
3775
2570
2812
4834
1871
5254
7178
2687
1384
4827
1809
2947
2201
1431
2543
2411
2781
2098
3025
2462
1838
2676
3540
1897
2709
2237
1055
1557
2331
2055
2792
5260
4313
1259
2191
4030
2698
1055
5976
1737
2445
1246
1960
1098
3339
2615
1790
2502
1965
5932
962
7116
9794
1349
8645
7499
9257
1757
2455
5161
1702
3368
2580
3693
2677
3244
2154
1509
3669
2510
3065
1604
823
5405
1791
4168
3978
2599
1927
3814
2670
6681
3293
2704
2828
1777
2157
3509
3114
1346
1939
5649
2489
2864
4255
4665
3347
1980
2692
2300
5318
2404
1195
2938
3600
3847
1567
1748
2595
1472
2478
1305
2975
6167
2829
1173
1959
1378
2267
3976
3149
1518
6008
2311
5768
955
1500
1489
6009
3064
5082
2710
5164
2844
4124
1894
2017
2481
3238
1832
3571
2065
2901
3063
2501
2115
2460
1918
1328
5109
5210
1870
2543
6876
2056
1242
1807
2148
2383
2394
1845
4535
2223
5212
7303
5049
4684
1344
3935
2910
1067
3354
5457
3036
4651
2614
4320
1314
2884
2257
3134
1128
1339
1146
2791
2450
3846
2666
4210
7840
1955
4226
1095
2843
2766
1507
6320
1847
4046
1847
1757
2065
7861
1691
3281
2383
4796
2909
3992
2123
2429
4369
5765
3244
1549
1845
2677
2558
1511
4292
1384
2530
2350
3416
2309
1267
4734
2703
2674
1447
2061
3274
3002
2602
1602
2313
1420
2561
2182
2587
2822
1860
3727
2181
6601
1999
2664
2164
2617
4134
1316
2252
2807
1782
3632
2888
1782
1877
3259
2532
5964
2538
1834
3022
3459
1254
3809
1839
4423
1469
2920
2168
4060
5096
2993
5148
3212
2684
7218
1971
3904
14060
1022
4430
2493
2271
4261
2947
5661
1442
11113
1227
988
2610
3865
2060
2379
2384
4801
3303
5757
2236
4792
1988
2459
686
2563
2110
3522
3252
2260
2209
4054
2424
1598
3827
1380
2248
2226
2716
5704
2006
1498
2204
3731
4264
2897
2042
3131
1961
3835
2490
765
1174
2658
2784
4225
641
3206
3403
2489
1187
3342
1956
4163
2432
3051
3779
2247
6518
2612
3252
1819
2006
2790
3253
3269
3121
4495
1584
2161
6704
7875
2163
5899
2665
1501
1771
1363
3593
2798
3295
8947
3590
1520
792
3075
4415
2439
1745
2291
2503
778
2572
1907
3007
4119
805
3325
3448
2541
4310
3393
2471
4382
2264
7220
2058
5517
5085
1448
5289
1316
5358
2404
2282
3536
5178
2774
7351
1063
3021
8144
2505
2074
2099
2044
6192
915
4551
2406
3434
1924
2572
4155
2203
2685
2435
2715
4992
3151
2489
2807
1582
4414
4624
3063
2744
1399
2680
2080
2991
6582
2546
1283
5064
2020
4840
1607
2015
2198
3482
4213
3806
3360
2074
1951
2835
1693
1145
5895
9715
3482
2849
995
4205
1854
7220
2967
5531
3581
1815
5985
908
2311
2756
2566
1978
1728
3015
1244
786
1406
4923
3910
1767
5193
3369
4093
1949
3353
2820
4128
3395
4150
3966
2999
4148
2232
2999
7802
2578
2419
1726
1177
3856
4035
5557
4058
1492
2625
3567
2188
4565
2419
2798
2206
4165
973
2367
2171
910
1563
3088
2165
3015
4489
1683
2635
2741
1359
1701
4291
2990
1123
2023
3624
5214
3593
1824
2959
2603
6971
3395
1793
6803
1120
2105
5057
3492
7404
2329
1762
1698
1929
1151
2148
6152
2207
2701
7433
3835
1956
1955
921
1812
1633
941
2545
2226
2296
2736
2741
6123
2831
3693
2730
4572
7125
4431
9710
8163
1286
4411
5210
2350
3491
3838
1573
2997
2945
3267
1968
2929
1712
4279
1508
1483
2284
6307
3577
2635
2350
2035
3280
5673
4191
2091
2529
5660
2383
3245
1049
2268
2220
4544
1347
1494
2569
1707
2318
2076
1910
3219
1929
1884
4966
1499
4364
2431
2996
3836
2477
4367
9807
5994
3710
4032
4566
2605
4359
2906
1467
1243
2983
1458
7120
1777
2085
3673
2891
1568
1561
2650
2759
4249
3595
3560
3002
1152
6964
1395
3605
10576
2591
2353
5607
1182
1028
2363
2558
1990
5365
3202
1840
1545
2841
1459
2715
2532
2169
4651
5343
1888
2273
2815
3386
6753
3865
1516
3087
2196
1627
815
2030
3047
3678
4264
2942
2092
5119
2670
3271
3004
6230
2313
3333
2650
1989
1327
2155
2266
1835
1743
1297
2913
1771
2909
3149
2864
1085
2491
2744
1561
1902
1086
1660
3974
4124
4066
2899
2493
2139
1791
1837
5570
2049
2207
4538
5765
1585
2430
4757
2337
2324
1914
2510
2182
8953
1298
4028
3144
3006
1479
3923
1844
2165
6863
6229
1884
2903
1688
3724
1621
3743
2719
1863
3634
3141
2550
3051
1180
2416
1639
3098
5167
2984
1906
3960
2006
2592
2355
1715
3201
1789
2182
6697
2877
1219
3390
3767
4443
2577
8116
2903
4241
5860
4883
1595
2756
4149
7935
948
3071
2402
1399
1478
3700
3058
10034
4504
1917
2638
10315
1294
4299
2713
4586
5751
1958
1309
3117
4754
1989
5317
5053
1900
3460
2283
2022
1335
1390
1871
4804
4464
2973
1679
3231
2169
4240
1627
1087
3017
1707
1300
3650
2576
2918
10673
1043
1351
5438
2599
2727
8234
5789
4674
1274
2851
2161
2845
1872
3545
4547
952
2062
3451
2795
3082
3650
971
5623
1831
2576
2061
3666
2673
2421
1369
1914
2037
1524
2121
1921
1883
6648
2704
6393
5668
4629
3191
1431
1529
2968
1551
4285
5011
2612
1582
6587
2230
5726
2484
2836
3582
2372
5093
1591
2334
2406
3663
1979
4701
3113
1199
3438
3285
3510
2718
3882
2575
6977
1585
7129
2479
2353
4100
1715
2053
1340
3016
3263
4549
1560
3012
2486
3779
2458
1634
1882
7048
836
2972
1718
3715
1245
4662
4549
4602
7381
3575
2339
742
2844
1371
2641
4239
3809
2182
2007
1764
4536
1149
1924
3103
3590
1986
3809
4503
9670
2294
1678
1956
2842
3519
2572
2091
2250
7393
4982
3881
3297
1379
1243
2647
2187
3205
3097
1731
2868
2375
4354
949
2438
1290
2838
1596
2339
2221
1119
7026
2118
2087
4700
2390
1131
2249
5748
2788
8230
3689
3910
2899
2703
4018
4581
1747
805
2527
3009
4322
2171
1962
3313
4168
3050
4815
2682
3806
2039
1332
1888
4666
2466
2117
8957
4584
3547
5086
1335
6564
2524
8084
1611
2860
3677
2790
2547
2998
5493
4488
5605
1048
2407
4802
2675
2405
13681
2949
5604
1402
4011
692
2315
3684
2192
9780
2053
7683
3048
2526
2248
2351
3027
2014
1425
6032
6569
2913
3196
1941
3634
2637
13738
2057
3127
2756
1923
2826
2612
3162
2386
4067
1608
4613
4258
1561
2103
5588
3628
2458
2174
2036
3943
1832
1276
1935
1804
5250
4661
1205
1601
3378
4950
1239
5036
1290
2215
4786
2348
5001
4624
2902
1865
3599
2916
6654
1617
1468
2423
4821
4755
8455
4242
2363
1534
2506
3264
3583
2105
1740
3310
1725
3485
2374
5281
1983
1741
3523
3105
2658
1363
9621
1542
2937
3579
4022
2396
2250
1015
3877
2291
1466
9188
4611
1742
3121
5056
4482
4294
4649
2507
2801
3253
2781
2350
4239
4507
2399
2089
6571
3195
5432
2481
5922
1953
4254
927
2598
1174
738
2639
4041
4090
4446
3601
2222
2364
2359
2713
2958
2169
3471
2771
4059
2025
8912
2690
1741
6554
3725
803
3263
3658
2155
11516
2203
1315
1536
1467
2527
1899
6156
1750
4943
2641
3345
6713
1492
3952
1277
2352
2507
2784
3190
6340
2082
2560
1902
6776
1119
4764
2735
5149
3272
2647
2844
3201
987
1522
4322
8893
3359
6629
2462
2843
2281
5636
1786
2138
3862
1890
9175
3050
6551
5245
3367
2907
2682
3792
2512
2039
3115
1055
3925
2605
3059
2339
1742
838
1663
2579
2578
1966
3458
3023
2379
1896
3884
3733
3205
1853
2321
2762
2194
3630
2534
1781
7152
4664
3957
4593
1277
6627
1074
1485
2399
2244
7910
2090
2471
1901
3222
4089
1294
1508
3483
4085
4343
4890
2528
1872
1645
1416
1450
3465
3645
1518
3421
2783
2683
3376
1455
3530
2754
4256
2448
2827
3086
2301
1190
3748
2497
4586
1823
3355
2949
1579
1925
1773
1942
1346
2312
8387
2574
4601
3837
4533
6729
2480
3955
2367
3361
2111
4111
2027
2261
1978
2884
7634
6875
1833
3082
11630
1516
2278
2440
1658
5069
4409
6599
5107
2292
1600
4128
1425
3872
845
1932
1586
6517
8742
3060
3862
3022
1964
2024
2194
1820
1084
2820
1733
3584
1411
7612
1993
2785
3046
6642
2543
2203
1922
4261
2812
2485
2453
5596
1790
3716
1872
1715
3137
1571
2890
6207
3069
1871
5587
1680
2914
1793
5331
2823
2967
2088
1825
2158
2842
3491
1722
1266
1479
2615
4545
1586
2501
2272
1138
2893
3942
1696
1702
2033
4064
1597
2146
4980
3370
2482
2205
5105
5430
2700
3989
2417
1346
2869
5384
4270
2830
1470
9650
5204
4511
1865
2934
1343
1131
3418
3001
4567
1875
4909
5702
4521
4289
2052
2011
2846
1842
1977
3910
2385
4073
1478
8954
2618
2788
1724
3245
6682
2229
2641
954
4267
1438
3178
3050
3736
1584
1678
2605
2959
5585
3392
2344
11562
4640
4562
4166
2615
2264
1113
4160
2614
6907
3546
3184
2271
1274
1868
2554
2323
6286
1802
3550
2264
4617
4143
1703
1847
1721
1593
2596
2754
2744
2886
1242
3586
6255
3328
1857
1711
6735
1349
920
2804
2703
3578
4444
2082
6050
2977
1362
4228
2049
3612
2774
2089
1224
1212
3377
3502
2688
5264
1970
3849
6404
3740
733
2910
5127
2400
2594
5736
4099
2317
1374
4228
2583
3938
1461
2055
2006
4802
2473
1707
4265
5692
2064
4345
1954
1707
2226
5407
2854
1658
1868
3430
2155
1618
4283
3870
7357
4057
946
2007
3744
5288
2535
5837
4852
2597
1874
1200
1225
2715
7281
5667
2205
2594
3930
1488
3780
3781
2373
1163
3877
3764
3388
1673
2013
5110
5648
1832
2016
1682
2648
2319
1933
6422
3645
3933
3304
2143
3114
5193
6165
4284
3237
3627
1809
2407
5743
6850
5956
5625
4522
5391
1218
7112
3243
4737
1550
1284
796
1536
8623
3017
1764
2698
1813
2750
4865
864
2251
3407
3014
1624
2391
2041
6395
1889
3662
1623
4378
2030
2448
2612
2761
2800
4446
4359
1784
5114
2135
4769
4053
1770
7920
2400
3475
1792
985
2987
1244
1442
2805
3444
6635
5783
2127
3796
2877
1280
1425
2770
2417
2298
5808
2390
5339
3127
1792
3291
5080
1610
2019
2620
3036
3011
4071
2552
888
5120
3048
5427
1846
4709
2760
5216
4405
1238
1476
2612
3012
3191
1263
1717
2807
3965
1881
4265
2768
1476
1929
7487
926
2993
2461
6379
3617
1793
4245
577
5286
3259
5390
1662
3932
6332
2425
4477
2679
2644
1461
2080
4347
2178
1318
2654
6400
7652
2870
3201
1285
4860
2232
1887
5254
3787
1338
2907
2450
1924
2671
2188
2933
3116
3511
2562
4496
4166
1360
3906
2861
7376
1730
1814
2564
1805
4534
6151
2520
1516
5406
1328
1303
2939
2331
3944
1867
2283
10587
2150
1413
3178
4543
3553
2281
1681
2082
5226
1734
2260
2009
1209
3595
2786
3999
2956
5676
1179
3046
2979
2746
1819
1815
1301
4702
3978
3960
3487
5282
1130
3734
3891
2633
4077
2277
3052
2636
1503
4968
5209
2206
4730
4720
2389
2171
4481
4214
4427
6153
1234
1818
1172
2217
1234
2036
4232
1324
2460
3908
1840
2164
3850
1258
4460
1723
6917
3559
7726
2056
4310
2104
2415
6265
3687
3393
1524
2397
4076
1771
4414
5231
2863
2551
6682
6359
1492
2930
6183
1602
2559
1056
1097
2776
2172
3505
2642
2691
2054
1721
2186
2595
1852
2556
1892
2096
3679
4151
2242
3354
2347
5259
1694
1407
1441
1485
4215
1103
7892
684
5900
2965
3446
3218
1998
1519
6266
3440
6609
13111
1753
1632
3017
1777
1193
2100
2913
2283
2777
3676
2861
3959
1528
3761
3771
1936
2478
10692
2572
2819
1690
3554
4724
2510
4559
1028
2828
2247
2429
1329
4528
4347
2877
2774
4985
4146
2329
3018
1821
3383
5350
5249
1848
7188
7109
2034
1047
3482
1288
5781
4589
8190
4205
1887
1067
1859
1953
3251
4350
1459
3660
3190
2155
4685
987
7081
2573
3750
1680
3115
2268
2755
1371
3127
2218
1724
2078
5100
3524
2462
1687
1368
3061
3826
3251
1952
2880
3583
1406
1281
5250
2490
7560
1888
1483
6046
3513
4455
3080
5020
2226
2146
6575
2311
6507
2087
1276
1953
3255
2369
4394
2629
2874
1792
3008
1734
1845
1487
2483
2694
5497
1980
2412
5606
1537
5338
1956
4286
1090
5751
6199
2381
2682
2980
2745
1755
3367
3083
2428
1074
3046
3188
4165
3666
2519
638
5122
4722
1393
2201
1089
1634
2274
5071
2176
4026
2245
3058
2227
1897
4503
3790
2149
2141
3352
2126
2234
4029
1309
2852
2638
2115
1962
2745
4959
1671
3190
2127
4285
2338
5112
3989
3587
4330
1774
1597
969
1445
3595
2621
1401
2646
5012
3679
1871
1425
1433
5444
6844
2604
3678
4888
2411
5277
1624
1263
3985
4430
2690
1764
2145
1315
4239
1153
2191
5029
2343
1670
1828
3479
3666
4469
1988
3211
2508
1130
1910
3300
2640
2672
2213
2126
2089
7825
7330
2072
3433
1739
886
6394
6622
2015
3571
3497
1216
2201
3146
7252
3163
1873
2399
1028
2820
2308
1680
3962
3292
1780
1883
5663
5705
2267
2361
2050
3374
1890
4163
1468
2142
1848
4330
766
2645
3003
1489
3434
5501
2995
2675
1849
1710
5228
1325
5862
2685
6254
1935
4589
1679
1868
3594
6372
3425
2169
1661
3476
5150
3714
1533
3066
10531
2284
3573
1118
6997
1533
6293
5115
4452
4128
1133
1479
2134
2118
2815
3083
4264
2296
2302
5385
2198
7691
1899
4893
5153
3242
2705
2345
1718
2595
2637
3606
4386
1588
2421
1746
3579
4345
5074
1963
4229
982
6009
2989
2421
4277
1707
4301
1296
2713
2130
4398
2893
2048
1222
2586
1603
3247
2270
3052
4178
2242
3354
2341
5019
2325
2185
2168
3539
1915
1295
2562
2624
6064
2540
5297
2101
1925
2526
1691
2765
1414
4393
2093
4040
5049
3024
3305
1438
4751
4997
3162
2708
1884
4055
1817
3348
5895
3111
3040
1372
4944
6600
2611
3006
1639
2272
3737
1695
3630
6260
1360
2050
4135
1482
6767
787
3195
6494
4320
958
4551
2058
1275
1300
3063
3062
7448
2017
3712
4397
1456
6209
4084
4192
2444
5129
2254
2616
2081
5517
2539
2440
4557
5416
3092
3481
1838
3094
6103
1592
3947
6452
3465
4415
1930
1718
1711
4443
2440
992
2697
2759
2209
2911
5057
3665
4932
1864
5457
2953
5386
2268
4860
2096
4100
3036
3376
1427
5218
4768
2433
1930
3349
2313
3647
5199
3934
3206
1291
1397
4145
4573
3423
3776
1136
3581
3370
2118
1764
2383
1376
3377
3277
4272
1726
5572
4770
4201
5358
4849
1504
4037
4688
1553
5183
2044
4732
3338
1971
6269
3529
2094
1941
4906
1831
10328
2245
2734
4247
2156
2245
5574
2014
3737
1005
1751
8830
2724
1399
3581
2677
7299
1912
2556
1139
4612
3873
4491
1356
3802
1683
2548
1620
3437
2707
1430
2205
2920
4271
1496
2303
2902
1954
1935
1995
2131
1810
3652
1983
3009
5683
4495
4321
3378
3161
1420
1806
1829
2745
4493
2497
3147
1495
1115
3578
5309
2537
3644
2122
3308
4355
8391
6412
3350
2267
4160
3602
3141
5421
829
2383
2427
1861
4464
1713
5163
3776
4969
2936
2476
4157
2570
6517
1763
1182
6046
3084
1594
3461
2824
4446
2418
4233
1390
1150
6349
1539
2270
4222
1461
3398
933
6884
2015
4217
2022
1628
4678
2516
2328
2065
2322
1207
2339
3879
2541
2162
1951
3077
3348
1889
3798
1441
1992
2601
4210
2629
1495
1458
3054
2661
5084
3416
1118
1350
3819
1740
2643
4496
7365
2654
2916
3250
2941
2214
2235
3249
1637
2731
2461
1936
4779
5674
2692
2866
1371
4334
4591
1216
4706
1444
4759
3370
1656
3554
2306
4163
2666
2069
3582
1919
3009
3667
2409
1408
5681
2281
3542
4494
1137
6517
3479
4785
1983
2433
3856
7465
4043
2138
1920
2911
5162
4422
4573
5804
6691
1776
1312
6772
3896
3345
5406
967
3753
11795
3213
1520
2017
2892
2661
3237
1875
2596
5246
1435
3458
4084
1581
6374
1827
3244
2278
3577
2937
2150
3565
3282
1955
4301
2151
1530
1683
2822
2343
4227
3494
2153
4322
2411
2980
2525
2758
3157
1037
2532
5339
4958
2342
2518
4789
1926
3133
1623
1230
2014
2639
7932
2212
2866
2564
927
5550
6471
4449
3901
2115
6880
3511
1211
3575
1382
3291
4502
1952
2792
5713
2487
2674
4257
4913
4701
1855
1736
2282
3079
2637
2798
5520
4855
2435
10662
1926
5257
2206
1337
3988
2377
2184
3133
2162
4586
4039
2091
6730
2769
1320
3765
3144
4924
2169
2933
2257
2384
3026
954
2138
2544
3083
2206
3030
2007
3167
2532
2768
3956
1536
2299
1980
3003
3642
4450
2533
7059
4820
1426
4300
1633
909
2157
2048
2958
2707
3475
3121
1297
3692
1948
2785
5002
5599
3068
1711
3045
3537
2931
2175
3249
2661
3013
4592
4858
1845
2433
1863
1076
3237
2664
3856
713
3329
3969
3675
1488
2601
5399
1926
2109
1626
4648
2123
3093
3381
1728
2067
2084
3301
2479
1543
2080
3029
1718
3967
2927
1889
1701
662
4258
1922
4357
1919
2632
1839
3520
1695
1109
1759
3398
7239
1755
1555
3455
1618
4549
4691
7052
2205
1992
7040
5768
2110
1938
3491
1953
2215
4984
2902
4619
2455
3038
1686
1639
2483
2883
1921
2973
1996
2971
2545
5096
2435
1581
4367
3634
6770
2225
3535
1789
4818
1964
4137
1785
3178
1724
4209
2699
5907
2483
2903
3912
5012
1807
2574
4178
2756
2467
4818
3536
2662
3541
3891
2465
3902
4605
2223
1774
1759
2992
2823
2348
2549
2764
3530
5192
2661
2703
3751
4991
9875
2288
2090
2379
2837
1903
3136
9560
2706
1600
3141
6834
1880
1417
1789
3751
1344
5102
5976
3241
1550
2609
5684
2416
3576
3094
1954
2785
5939
2425
1512
4446
4201
3873
4047
4229
3094
3919
1449
2224
2251
4499
3574
2574
2762
1788
5392
1630
1875
2875
1061
1336
5993
3473
4747
1393
6338
4324
2619
3067
2577
2078
2375
1287
5428
3369
2352
3958
857
5148
4697
4050
2084
2721
5803
2426
1811
4041
3988
5596
3947
1535
3208
2340
2078
924
1841
4718
3714
6753
4341
3620
2975
4928
2034
2046
1820
3165
7258
3527
5165
5063
7416
1931
2159
5340
3395
2160
6760
1871
8860
2661
5210
2540
4741
3125
5120
1848
6059
4725
1886
4090
2521
3222
2457
5486
1821
2498
2959
2536
1581
6748
2589
2987
2810
2877
4050
2957
5082
1999
2871
3115
2197
3737
6844
2712
1594
2886
2906
3779
4565
1939
3405
801
3138
5179
2133
2377
1983
2688
2558
1792
2334
1182
2139
2530
2166
3697
2707
1849
1590
2073
4731
1230
1306
2609
7481
1904
2706
2494
3678
1871
3811
3191
2401
6553
1701
3581
4726
9790
2926
1566
4213
3491
1734
4659
4071
1678
3544
3151
1295
4479
3708
3244
3230
2306
1863
1035
3472
1154
1502
2917
2885
3757
2381
2075
8659
1375
4935
2205
2381
2166
1663
2887
3894
7484
2502
1911
1556
2012
1038
9349
1960
3355
4066
4645
3550
3694
3554
4313
8263
4020
1711
1660
4696
2331
2689
4006
2543
3335
1905
2487
3638
2997
1744
3679
5599
3041
5000
2188
3253
1160
3456
2641
2659
2789
7500
1909
3199
1353
1870
3313
4721
2544
3870
3413
3401
2686
4640
2005
4662
1895
2425
3896
1196
1862
2015
5594
4061
1235
3644
2802
3487
1786
2642
1565
1778
1579
2271
2896
1633
2340
3584
2315
5867
5150
2013
5855
1660
2154
6860
1855
1528
1031
5478
3297
1741
2896
1363
3912
1547
2834
1260
3288
1401
6240
1865
2510
5476
7575
3177
2223
5415
4905
1943
6147
736
7442
4510
9929
4064
2482
3314
2566
2834
3642
2652
1427
2279
1121
2247
4095
1892
8285
3212
7134
1570
2659
7243
4242
2015
2934
1720
3173
2051
2398
1047
2898
4259
2188
1912
5091
3064
2188
3816
2081
2081
2497
2046
3363
2630
2357
3209
1281
2423
4348
1181
2226
798
1851
2607
2386
5126
1444
3387
3543
2366
4016
1312
995
3999
2444
1620
2532
2188
2755
3159
5982
3438
5827
8079
8187
1199
3259
1976
9291
3914
3278
1564
2928
2704
2700
2526
2978
3136
1693
3164
1659
1527
8345
9814
2540
5337
2216
1750
5066
6222
3365
4389
1842
2154
4010
2422
1990
1754
2970
4937
2601
1248
1581
5473
2647
1963
3447
3027
2964
908
3670
5757
1976
3204
675
2965
4733
2582
2218
5387
1063
1468
4481
3161
4512
3260
2145
10095
2224
1019
3402
3540
2966
3894
1983
2498
2025
3437
1110
3225
3090
1837
7578
3532
2100
5254
3182
1347
5264
1212
1362
4175
3198
5318
6439
2284
5359
4458
2279
3038
6564
2424
4701
3471
4551
1439
2346
4342
1012
5711
3823
1683
3298
3610
3921
2149
3118
6495
2003
3644
1636
2352
3337
4698
1555
3527
1602
1945
3803
5330
3439
1925
1165
4831
4861
2050
1932
2041
1803
1871
4030
4767
5266
2568
1861
4368
2482
4615
2069
1050
3471
2796
4308
1631
3347
2239
6702
1516
1607
2921
4131
14074
4619
3222
2716
4392
3465
2238
4167
1200
3297
3457
4720
1918
1947
5603
2267
3879
1474
3145
2054
2223
3430
4224
2367
3958
2364
2298
3411
1395
2690
2816
1873
3326
1970
3380
4204
1236
2952
3178
2931
1958
2086
2758
3050
2993
2144
2039
5654
1345
2305
1486
3504
2947
1190
3463
2417
2080
7409
3522
1969
3129
1682
2441
1596
1838
1427
3220
2348
4273
1927
3124
5743
4591
2430
2134
3096
1616
2686
3746
4023
2323
3582
4501
3783
6172
1355
4964
3393
2241
8173
2739
1326
5324
6587
2579
4120
3670
1104
8065
1831
2187
3047
2510
1419
6200
2385
3244
3430
4313
2874
7203
3117
3434
2117
3817
4273
1535
1022
4041
3027
4040
4475
4610
2658
2469
1945
3757
4378
9256
1869
5979
7234
2343
2613
2001
3810
2184
2766
2288
2323
1582
2328
2807
2664
2655
3262
1527
2686
2322
2520
4242
3312
2342
5471
2472
1596
1502
2993
2183
3873
2586
1491
3547
1858
7988
5450
2365
997
3588
2792
5483
2818
1111
3627
7783
2390
5003
4014
1987
965
5801
2401
2981
2070
5817
1561
1867
1184
3361
2817
1613
1139
9083
4135
5379
2169
1674
5852
2627
2089
2105
2524
3449
2717
4479
2535
2428
4835
2239
2150
2818
5294
6054
2038
1587
3037
1201
4828
2702
2238
2964
1632
1120
3802
2299
2830
3657
1578
5476
4328
4089
1464
1414
1833
3036
6559
2433
1233
6578
3024
2038
3736
2723
3107
4356
1691
7022
5787
2108
6747
2270
5686
2542
9190
2928
5753
2285
3333
3626
5804
3711
2456
1241
2859
2427
1500
12314
1815
1678
2257
4959
1759
3482
2927
3660
1269
3148
4359
2811
2449
1248
2029
1314
5556
2926
3379
3074
880
1255
1363
5378
3765
3798
3162
3636
2027
1621
2220
2560
4133
3358
1188
1537
3562
3086
5038
1797
2408
5336
1955
1529
4133
2012
3000
3000
2322
7943
3276
3350
3211
1631
3145
4808
1098
3790
2257
3520
4366
4564
1685
2488
2384
7634
14079
4205
2305
1627
1794
2611
5164
3161
3488
4657
2748
2305
1707
1812
1842
3456
3145
3319
4316
3405
2635
4399
4311
3383
2579
3769
3187
3382
2633
2207
1827
2284
2884
3720
4045
9358
1736
2472
2129
1658
2177
3877
5670
6932
4363
2540
3276
3966
1881
2020
1475
1919
3428
2226
4954
1215
3234
4161
672
6643
4230
1947
1719
2693
1769
11739
2784
1074
1730
2173
1623
5587
3989
5357
2455
3640
3361
2756
1403
2955
1516
1949
3470
2606
2877
5196
4389
1149
3050
2067
2330
2854
909
2302
6421
3515
3763
1200
2063
2699
1680
988
5208
5159
2673
1606
2576
3475
3070
2096
1911
3485
4083
1326
2361
3669
2330
1175
3549
2156
2876
4617
2770
1914
5206
5145
1835
2668
3087
1538
2764
1887
3385
1584
2279
5801
2817
2814
4529
2349
2632
3318
4540
1461
3204
3108
1446
2765
5237
2820
1326
3813
1528
2314
2907
2513
2699
2289
8822
4970
1447
2700
2230
1878
5804
1372
3550
3209
2872
2673
3012
747
1394
2860
5056
3301
2747
3721
1565
4922
1968
2672
2731
1380
4287
7765
2272
4554
4354
2613
6100
3511
2871
2045
3299
1999
1563
4069
2479
1764
2275
9598
3181
4618
2321
2916
1343
2231
1021
2076
1873
2337
1062
7376
3171
2409
4814
2100
6499
7404
1875
2834
2152
6515
2604
2023
1982
993
4246
2135
4021
2513
4191
2049
5121
1870
3435
2296
3846
2491
2392
1903
6852
6380
2529
1987
1696
4433
2616
3209
5587
1607
3998
2934
4203
2825
1669
1907
4917
3675
5292
2288
2475
4317
2109
2421
3947
3218
882
6264
2743
8007
3862
4117
2325
1554
3009
4249
1649
2254
1407
2541
2528
2120
1551
3942
2440
2425
4937
6590
2613
5934
3077
1499
1027
3904
2187
1856
7913
3636
2784
3254
2282
2380
2780
1439
4298
2806
4142
3174
1515
3765
3139
3608
1704
5563
3395
1188
4773
3301
4751
5008
4152
2199
3568
3271
2781
1744
1419
4790
1867
2207
5935
5223
7609
3385
1228
3067
2480
2232
1955
3177
3945
2686
1448
1669
2023
1268
5810
2576
2139
2758
3061
2415
6194
4033
3779
3452
1355
3441
3359
1978
1294
906
4142
1824
2075
1811
4661
1185
1056
1294
4951
6359
1636
3562
2890
2201
2454
3550
2207
2066
5427
2409
1410
3039
3260
3771
2274
3478
2137
3192
1641
6231
1907
5539
1956
2279
6246
2660
2804
3997
2804
2900
3999
3007
2484
4392
5721
6126
5076
2337
2956
1822
1755
3222
4068
4957
2279
4242
8072
976
2373
1800
3663
2393
4804
3272
6826
2249
2066
2052
2879
5198
971
2049
2724
3351
1105
2751
1754
2962
1754
3740
3643
3243
3202
3382
1323
1179
6089
2396
5319
2383
5082
1531
1853
3658
8647
3202
4296
2344
1514
5792
2936
2513
1983
4695
4014
4080
2032
8266
1818
3257
3147
3239
3717
3652
2263
3277
6400
2711
2144
3750
1232
815
2478
2249
2018
3485
2555
1571
3030
5124
4237
5642
1938
2947
3547
1321
5847
1787
1818
2009
4560
1186
2976
2683
3645
1873
3373
4466
6329
1733
2512
2669
2805
3350
3883
3871
5290
5920
5415
3367
2574
3224
2013
2899
3219
2836
8881
3696
1520
6367
1058
3031
2341
10922
2589
2051
2015
3271
1342
4006
2055
1298
2181
2133
7294
2464
2193
2780
5013
4702
4165
3868
857
1592
2629
1960
4593
1320
3207
1494
3735
1836
1457
3708
2301
4686
2597
2414
3610
3846
3639
1474
7614
2178
2013
2537
3164
1968
2918
1484
2546
1276
2789
5846
1076
2965
7187
5477
1890
3663
1303
6590
2385
3018
2113
4594
1191
5426
1689
4689
1915
4027
1959
3535
3707
2945
1420
3051
1549
2361
2119
4116
2413
9075
1737
4002
4558
4306
2195
4122
1921
3570
2855
5900
2310
5167
4480
1909
5560
611
2483
4013
7253
2509
768
2213
2559
2812
4912
2573
1471
1074
2414
1743
5305
5081
2044
2806
953
2315
3908
6158
6437
3193
5340
2841
3573
8128
3285
1627
3017
2194
1991
1904
6571
2272
6116
5459
7076
2726
2503
2528
5161
2436
1120
3690
4182
5021
2981
2564
3852
1702
9800
2256
3563
3546
3357
4172
1691
5556
5273
4197
1785
1565
1598
3003
2615
1247
5922
2049
1933
2892
1369
2538
4115
2326
1496
3442
4516
1128
5145
3078
1811
3949
2290
4011
2065
1529
4021
3013
4094
5473
7381
3405
10253
5454
7624
3654
3552
4505
2099
3001
5345
2461
2833
5392
2197
5390
7277
1497
1992
5257
2839
1653
4226
5749
6577
4051
2504
2976
3923
6131
7130
4018
2718
3863
1795
5458
2363
1895
4141
2944
1331
3338
9076
4088
6222
4988
2570
4910
2949
2808
1746
3801
1443
6070
5205
3600
2448
2690
7585
3501
2566
9293
6721
1993
2293
1556
2099
3199
2535
2875
6955
1077
1877
4380
4367
2728
4693
4493
1850
4114
5437
2471
2066
2710
4748
2984
7596
2269
5580
1686
4619
3553
4191
2334
4296
5401
2486
3907
5482
3899
5017
2654
1674
3008
4434
1972
9206
1516
2835
3468
2831
4179
1700
1866
3374
1917
4085
1231
4140
2325
3596
2619
2681
2105
2872
1209
2282
2231
3079
4164
3022
2658
7366
2291
1280
1816
2588
3453
12695
2273
2004
548
2515
2776
1937
4433
5687
3959
3679
2968
836
3892
2242
2222
3268
3526
5614
2620
4144
4205
2284
2041
2567
5620
2276
5379
3928
1897
2625
1744
1875
3402
6950
2179
2437
2759
1306
5857
1889
4376
3630
2331
1734
4734
1324
1666
5388
5003
3606
11167
1535
2016
2105
6398
1413
2299
1942
2170
1943
3826
2389
4806
3345
1680
2100
3282
2178
1306
5074
3221
2125
3964
4238
2292
6684
3394
3226
1332
3862
6826
2361
5417
4754
6180
4484
5005
1987
3429
2992
5516
4084
1285
5804
5397
2729
7144
1884
2533
4331
4737
1820
3431
1625
1009
2880
2106
7433
4522
3636
3583
2320
4431
3083
4112
3103
1896
1638
5098
2300
3200
3526
1850
5851
4993
2642
2995
2933
5329
1749
4017
5062
4065
2562
4618
7031
4611
2097
4664
2573
1610
4128
6060
3907
4805
4404
8655
3039
4780
3780
3330
1647
2824
3065
3448
3178
2643
1873
3530
1956
3236
3057
2785
3009
4840
2795
4382
1043
5806
3199
2636
1704
4138
3436
2040
3751
3684
1987
3514
3391
3504
6531
3773
3929
3711
9088
1729
3161
5302
3363
7149
2066
2994
4117
854
4850
4452
2547
4402
2531
4323
6809
3249
2028
6671
6218
1900
2108
2978
1994
2455
8490
2402
2328
4639
3886
3965
1125
1611
3299
5943
10957
1918
3809
2344
1404
2149
4821
3878
5416
5753
2965
3241
3696
4444
4471
5839
2398
7928
4278
5781
3051
1550
3240
2077
3403
1457
6418
2453
1917
3227
1432
5239
3428
2002
6446
3160
11228
3270
4555
3052
2325
2268
4160
2914
1186
4166
1827
1665
1732
3267
4691
1600
2348
11485
2666
4644
2252
2728
4111
1661
8088
2226
3158
3526
1600
6314
3020
2823
3159
3733
2048
7357
2668
3495
4149
1625
2302
1671
1629
3001
4278
1320
3215
7377
7392
1865
5513
1535
5971
4854
3491
1776
1823
5582
5100
2433
2540
1992
4517
1174
2515
5449
2028
4727
4474
1689
2895
1321
3433
5176
4860
656
4956
2560
2495
2241
1392
3391
2486
4480
2307
5675
3675
3225
2980
7700
3541
2926
2651
6445
3829
4094
3217
3650
2266
2040
2580
3853
4133
2171
4073
3550
2730
4091
3438
7282
8810
1999
5849
2574
2688
1399
3410
2561
4128
3524
4497
4371
4818
5960
1587
9036
3598
3349
2459
2875
2532
4438
2275
1381
948
2010
6515
1725
4384
3793
3932
2727
1549
2591
4290
2745
2758
2253
8055
2569
4782
2325
3571
3638
2785
2916
4742
3289
2762
2618
2744
4773
2259
6802
1436
3225
2660
2530
3731
4390
3953
2885
1200
3746
1595
6620
4902
2299
1816
1861
3918
3106
1257
3134
2051
2101
4426
4135
3724
1736
1729
2625
3276
3037
1577
2398
3463
3467
3708
8645
2288
3478
2932
1688
1537
3895
1951
1166
4497
2197
5556
8796
4307
1946
3399
6420
1376
1748
2450
1434
4014
3457
4581
3376
3291
3200
1746
4160
3123
2711
1618
7417
2605
3457
6381
3872
4196
2953
1968
3023
3496
2104
2338
3051
2401
3656
4223
1105
5768
2626
2023
2424
4300
3498
2947
7525
1744
4096
1583
4037
4565
2452
2530
3069
620
1419
3178
3094
3691
2406
1804
2895
1167
3261
1298
5033
1927
3110
1158
3110
2020
5700
3956
1518
6257
994
3536
4555
2149
3105
8504
2546
4171
6112
1679
1268
3288
6630
2312
2842
3897
5715
1012
4612
3020
4633
2637
2011
2809
2436
2180
7765
3866
8637
2656
3643
1690
3036
1963
1362
3258
1580
1013
3086
1865
2309
3967
1312
3355
2945
6821
3207
4404
2326
4895
1247
4743
2350
7391
1228
5312
3240
3076
2561
4930
1902
2391
3375
3079
5809
1580
1537
3820
1223
5315
6580
1063
2940
4852
2728
3341
1095
2090
4719
2669
2414
2487
1691
2409
5401
1703
4537
7311
5050
2835
2133
2631
6444
2275
2712
2701
3591
2300
3829
4081
8391
2301
3139
1011
3392
3444
1389
5295
1911
837
4057
2083
3305
2533
1471
4746
3576
2658
5258
3072
3296
1614
4384
2661
2908
3669
5450
2658
2233
2224
2420
2200
528
7998
2644
2649
1750
1518
3575
3023
3950
1473
3033
3344
8232
2669
3082
4512
3299
2044
2141
3092
2472
660
2229
5236
1762
3189
2617
1926
2069
2241
2571
3294
1761
2932
4328
4849
3811
3653
2981
2393
2498
3403
3902
2596
2248
4322
4206
2745
4585
2787
5844
1236
3157
1945
5457
1588
2304
2537
6150
1693
1025
2914
2868
3136
6145
1796
6459
3298
6588
2203
4186
1059
5531
2634
3106
3282
3756
2745
2162
2156
4307
10388
1520
2584
5204
1297
2555
1188
3567
1107
4179
3351
4678
3694
3026
6635
3749
2769
2925
2479
2585
3876
2825
2703
2253
2111
4629
5711
1587
3767
5002
3512
2202
2693
3481
5703
2146
1107
3308
1041
3418
7285
6586
5138
2335
4540
2336
4657
2543
2164
3356
1507
2972
2752
2205
1705
2560
2297
8786
5336
2825
2165
4209
3340
3460
1681
3538
3033
1643
3743
5853
3269
1402
4400
2579
3183
2369
3254
2876
2768
2188
2380
5857
8062
2561
2462
1957
3969
12032
849
8093
1954
1774
2924
2689
4717
1324
5770
5414
1539
2161
3789
2015
5824
2484
1668
3081
3410
2581
2472
4129
3923
3235
2542
4536
2699
2051
2422
5322
8137
4365
2205
4477
2874
4355
1418
2607
2121
3571
3285
4516
1600
3564
2999
1574
3655
3764
1354
8379
3680
3544
5466
1009
4907
3030
4096
1929
3747
1441
2413
1521
3014
1086
14640
3394
2207
5685
2081
3066
4629
3007
3246
3580
3079
4763
4450
4361
4725
2196
2114
8471
5291
2293
3213
2555
981
4369
3200
2011
4016
4839
2791
4546
1900
2287
3631
5091
2090
2246
2071
3079
4635
3241
1733
3671
2489
1181
3804
2000
4020
2066
1924
5403
3149
3391
3438
2275
3561
3621
3339
1752
3429
1978
3450
1936
2994
2298
4066
1448
2592
2688
2202
1319
2062
3751
2242
2966
1938
2886
3136
2853
1885
1362
5163
5760
2192
4154
3092
1833
3840
2248
5276
4200
2525
4630
733
3497
4250
2321
2906
3361
2494
3215
2585
2762
2789
3223
2876
5136
2903
2582
1572
3729
2596
2401
3382
2124
3050
2559
4200
4096
3031
5680
7460
3970
2776
6092
2008
1835
6549
3191
3371
3125
2387
3194
1270
3588
3583
3271
6680
4221
4348
2879
2357
1469
3190
2964
2388
9667
2024
2098
4373
3168
3050
4186
3206
1928
9470
4449
1532
6103
1432
4123
1604
2355
2242
3151
1932
1689
2704
4663
1266
3770
3382
5328
3608
2373
8101
2948
2397
4956
2517
2970
1433
1080
4050
5606
5358
2651
2461
3567
3246
5484
2409
5216
4504
2561
1585
5550
4657
2389
2617
851
4702
6960
3721
1467
2404
2160
2987
852
3200
1783
1269
1814
2329
6182
2749
2883
3574
2015
1472
3050
1217
2752
3111
3433
1547
5673
973
3405
6775
2534
1280
5232
1343
1349
4536
2479
886
7870
4028
1443
3434
3410
2690
3956
2851
3175
2083
4386
5485
2723
7629
1168
1086
5101
5332
6522
2031
4125
1367
2568
1818
737
1464
1546
1540
3395
4878
2362
3768
3073
1817
4716
1918
1950
2127
2879
6122
3258
1561
6553
3546
1352
2240
7762
2524
1343
2558
2640
2620
2477
7606
1315
4517
3699
5700
1373
3270
3704
1332
2500
2007
7841
4407
4367
1706
6793
1762
4170
2616
1791
1456
2833
4588
2232
1563
4701
2212
6623
4182
2308
6731
6102
7439
3438
3614
3161
1210
4176
3548
3415
4322
1668
1656
4940
2507
2496
1837
10122
2935
3138
4387
8021
3334
1650
3277
1584
7175
2650
5702
1946
1924
3920
5148
4076
5858
2547
4625
4296
1061
5375
2349
6348
1656
2966
2661
2372
1792
5002
1221
11201
2921
2578
3992
2552
5721
5481
5672
3811
3359
2014
3746
4586
4022
4338
1711
4004
3270
3762
1741
18837
3426
2321
3163
3250
2153
6145
2202
4817
3913
3591
2060
1882
1389
2716
3337
1798
5493
4336
3791
4597
4320
2514
4485
3437
3217
4613
3385
1657
4127
3015
2635
2473
1415
2184
4552
4150
10447
1954
1292
4939
5528
2762
6278
2383
1560
3563
5977
2333
2197
2235
3466
2044
4929
3621
5248
7203
3149
1545
5180
2550
713
2181
6502
4445
4399
2152
4150
1794
2876
1784
735
1250
6048
781
7198
4630
3166
3889
1509
1920
3683
2522
3620
3819
1551
5959
685
2829
3816
2277
1832
3739
2783
4267
3378
1645
7571
1882
3002
3367
984
3673
3028
1764
4376
2074
2737
5791
5356
2311
2095
4993
3449
6610
1778
3416
1488
2746
2080
4954
2022
3539
4316
3165
1536
5527
2464
3254
3582
3115
5148
2150
1706
3494
3306
3865
2107
7280
2230
4635
2263
1419
2383
3993
4714
4978
2388
1903
1336
3447
2481
7853
2349
2096
1472
2543
3450
2392
2448
5310
4798
754
7430
2511
1968
5560
2977
1966
11291
2751
2321
9797
4183
6237
2090
6859
2716
4138
2946
1285
2048
7408
2914
4336
4094
2271
2682
1363
3829
7033
3415
3432
2944
2975
2760
3903
3322
5063
1226
2287
7694
4083
2839
1196
2935
2956
3503
3444
2372
3789
3171
1761
4672
2042
1963
3815
2687
3258
2127
3267
3677
5039
3781
1412
6730
2932
11843
1447
1222
1448
2726
2633
5239
3875
3893
3365
1433
3304
3406
4163
1390
4564
2235
1505
2015
3478
2129
2492
2933
3933
2900
1220
3216
4419
1530
1143
3162
2484
3194
1669
1798
5119
2494
1922
2538
2303
6382
2485
2820
2322
3717
4390
2625
2185
4103
4096
3323
3222
5332
3398
5026
2285
4061
1952
3750
2282
4776
13188
1323
1634
2710
7072
4317
930
11428
3334
2744
2934
4956
1578
1636
1996
4041
2468
2155
1750
2041
2896
4487
2538
2131
1739
5995
4568
2285
1170
4368
6783
1691
7934
2557
1144
979
2944
1661
3104
3812
2357
3510
5358
2690
1448
1873
3176
2547
4374
2570
4419
1309
2555
1831
7438
2051
4127
11292
1637
1464
1483
2263
1977
2098
4354
1871
3140
3477
2844
3634
7297
4006
4478
2232
1276
3464
3236
1779
899
3141
3783
4988
4999
2688
5521
2802
2059
6065
3366
11377
5334
1368
3262
3739
3004
2156
1356
3461
5367
2024
3700
2661
1972
2298
1572
2185
1676
2349
4780
4502
1872
3081
1612
6807
7047
2655
1740
2407
5337
4740
4815
3240
3100
2721
2285
1145
3895
3202
8443
3034
1731
3147
7029
2711
854
4658
2020
2944
8231
2474
2716
3261
10668
3971
5005
3260
2217
4286
3822
3017
1700
5633
6720
1076
3155
2996
2337
2935
3209
4744
2093
5287
2344
3235
4276
4150
1401
2280
2345
4512
4041
7606
8939
2465
3337
5724
996
1981
3225
2575
1428
3383
3351
1789
3682
1481
1491
2568
1331
2220
2961
7497
2472
3758
4479
3470
2673
5831
6652
3181
4165
2417
2854
2915
2154
4763
2119
2327
4101
5017
7593
2993
4222
1330
1839
7295
1960
1864
4610
2380
6329
2797
4983
1583
815
2616
3539
3087
2705
1379
4279
1683
2238
5577
2706
1718
3415
3375
4741
2778
2692
4539
2407
3143
5127
2855
1521
5725
5289
4130
2595
3341
4114
2191
2666
4437
2973
3194
6066
1446
5354
919
2487
3582
1513
3359
3149
6881
3001
8806
1547
2951
1410
3402
3576
4725
2495
2736
1772
2185
4620
6446
4841
1116
2884
2536
5879
4047
1736
2587
5949
2747
2715
1398
2440
3144
3245
4306
9050
1187
2719
3395
6777
2782
1128
2498
3874
5712
1416
3257
1733
3943
1684
5156
2467
4430
2560
3748
2492
7907
1269
4328
1886
4176
6079
1747
2099
2083
2837
4093
6201
3175
6166
4348
2503
4102
3577
1973
1721
3515
2664
3422
3459
3245
2214
7582
1280
3526
5678
2338
4325
2152
3647
1845
2827
7833
1310
9928
2885
2685
1685
3377
3833
3117
4758
2098
3586
7140
2005
2333
1793
2626
6728
1571
1586
1460
4156
11084
6280
2032
1505
3222
5805
8122
5839
1520
2330
3112
4022
1535
1665
6216
5773
3921
4337
1471
4883
1386
2141
7888
2298
1582
4142
4052
4944
1638
3026
1979
3761
1971
3451
2342
2095
4070
3097
996
2897
2773
4278
4327
3032
3175
3346
3452
8604
4332
2050
1157
4915
5657
3645
1930
3938
1643
2607
2984
2673
1658
2214
3734
6823
6900
3119
2616
5035
1682
2703
6242
3143
2782
4824
6660
3845
2438
5694
1954
3897
6561
2236
3341
2177
4169
2598
9122
1449
2767
1434
2752
3737
2521
7502
775
3272
4640
2761
1428
1738
1200
3232
6168
3399
2618
3300
1666
2038
2754
3300
1897
2665
6939
3390
2479
8122
1044
1541
2876
3198
2932
6139
4886
3289
1331
4442
6473
1962
2088
11022
4741
2077
4549
3137
5831
2628
3211
3332
3855
6544
2282
2789
1345
5347
3545
4884
3594
3120
2170
643
6426
1708
2662
3693
2869
3448
2074
5200
1664
3096
2833
3586
3238
5729
4992
1833
2803
6491
3285
3921
4042
4823
2137
1153
1434
8237
3231
1076
6013
3089
4875
5051
2528
2812
1146
4085
1289
4252
2925
1756
2120
1570
6665
2395
4899
1792
3321
1485
4285
2354
1717
8310
1441
6497
2395
4879
6627
4061
1835
3972
4173
4462
2368
4806
1810
2756
3038
1171
2914
2681
6486
1910
1598
4457
1666
6208
3292
804
4161
2026
2931
1835
1138
2166
1087
3133
3912
8367
3758
1125
4209
2193
6654
3577
2565
5826
2882
6165
5408
1096
2079
2365
6576
4396
2274
1734
3420
2393
2087
2828
1728
7069
10309
3738
4695
1893
3354
2350
3236
3840
1422
4238
3986
3785
5698
2325
2208
1318
2495
4084
5720
11896
5789
2903
3619
1538
1638
1773
8002
3730
2639
3460
6694
2134
3089
3764
5031
4408
5473
6588
3430
3740
5385
6337
1668
5885
1372
1286
2493
1918
2161
1758
2078
5285
2917
3608
7188
3676
1529
2387
7980
2774
2586
1714
2777
3669
1174
2508
1773
4473
3706
3498
5498
2233
5729
4377
2810
2832
2965
2408
4516
5229
4576
1701
4653
1442
7629
3308
4376
3104
4421
2301
2532
8093
4432
1992
2317
2786
1588
2174
3014
2105
2702
3489
2149
1632
3599
6105
2316
2077
2354
1788
1261
1589
3351
6029
2474
2900
2518
2070
2471
3753
2845
3595
2427
2943
2332
3746
4077
6313
2072
3133
3156
2296
1911
1505
2311
2450
2213
5453
3856
3008
1532
1214
2874
3446
2024
5370
11892
1988
3508
3718
6294
2753
2718
3619
6789
1850
2775
2271
2482
965
4424
4517
6215
2751
2423
7904
2035
1997
2083
5930
3347
1399
5994
3511
4032
10617
3280
1496
1734
4450
2691
3447
1956
4090
2998
1243
2309
3901
3897
6150
2808
4281
4940
4655
1134
3847
2507
4983
7749
5601
3304
3679
4525
2775
1258
2739
2289
5543
3912
1456
3271
3752
5583
1614
7077
4790
2627
2348
2669
4483
5479
5609
3091
5409
3741
2937
3236
2343
2692
3700
1554
6026
3195
3917
4013
2475
2032
6124
1719
3247
4090
2279
1710
5002
2331
2486
2657
1902
4242
5172
4143
4936
2077
2708
1461
4906
1430
2082
2685
5632
1589
5402
5325
3367
2279
5297
3087
2672
1906
3698
3725
3140
1711
2413
1885
4789
4092
3263
1243
1436
5806
3377
2373
2758
1156
5146
1136
2604
3919
3134
4172
1956
5136
1543
3845
2645
3442
4314
2448
1324
4909
5028
2619
3338
2605
4233
3365
3456
1533
951
5199
3161
3410
2611
3152
2464
2614
2934
5495
1298
5858
4223
1089
3269
2781
9642
2192
5029
1892
3140
3436
1808
5583
5415
1886
6773
7862
3339
2358
2366
2878
1284
1601
3168
3095
1592
3647
3604
2705
1497
3852
5490
5573
2740
3125
1981
1871
5249
4473
4951
6385
1133
2447
3043
2762
2042
3044
1795
3061
2584
3555
6813
1474
3435
4785
7941
7970
3010
4117
3706
2241
1299
2676
2899
3142
1746
6351
2547
2346
3005
6649
3321
1351
3282
1309
3418
2595
3980
1661
3326
2039
4889
3675
5055
2911
3941
4321
1707
1158
1826
3018
4184
4788
1994
3145
3263
2396
5193
2287
2637
8139
4423
2884
4367
1215
8492
3677
2131
4841
4372
2721
5091
1611
5685
2543
5466
4930
3089
3648
2389
1907
1772
2067
12923
2747
3058
1936
2019
2506
2230
4282
6937
991
6531
2914
2195
8874
3877
2553
5617
3963
2621
1229
2515
3100
5521
3114
2793
3758
1858
3160
3293
2359
1824
2611
4364
2444
3303
3090
2925
4024
2284
2471
2824
4442
1914
1296
2670
1820
3075
4593
3090
2431
4051
5491
3143
3247
1611
1147
3355
4878
4170
6589
3112
2192
3176
8438
4525
1986
2591
3839
4314
1327
2471
3465
1431
2735
3272
1754
1798
2417
4238
5519
2689
2599
2113
2496
2535
2237
4339
1252
2916
3148
2587
2632
6518
3947
7689
1448
2246
4075
2171
3606
1549
1429
2737
3038
1025
2166
4302
2536
1393
5670
7871
4913
6379
3577
4578
1423
1900
3773
1381
3076
2195
6718
2784
1339
2140
5342
2543
1950
2185
4849
2471
3261
5069
2581
1225
2042
1937
4648
6193
4066
2976
6968
4155
1321
3272
2420
2921
1891
2728
1456
2185
1178
5501
4813
6395
1814
2661
1230
3465
2741
2339
3201
2179
5821
3011
1941
3597
5869
3460
1853
3030
4110
4099
4183
3737
1244
2945
4705
4687
1960
2301
4680
1459
3879
3245
2526
4776
3717
7769
2403
6096
2128
2218
3637
4265
3939
1455
2426
3697
2868
2506
4493
2093
1608
2803
3195
2865
2531
1720
4868
5081
3024
3043
5123
2740
3095
1546
2051
5033
3233
3747
2818
2310
1165
2149
1302
2621
1411
1874
3341
2797
6822
2370
2026
4598
4996
3920
3952
3608
3536
1468
2662
1816
7554
4438
2503
3414
2555
2124
3718
2113
3219
1762
2170
1679
3587
3527
1929
7091
3595
3214
2095
4145
2371
3575
1965
2923
5035
2477
2943
3273
3709
2699
5073
2626
4456
2215
1922
1411
3725
4189
1642
2977
1835
4821
2184
6925
2144
3437
2390
4265
1465
1340
2095
2590
3858
1852
4201
4165
3107
3707
8374
2098
2472
2883
2430
3089
1920
4376
935
3566
1579
6849
4424
1442
2290
1276
2163
1909
1345
4935
815
1324
2363
3495
1418
3140
5021
4881
2934
1576
3854
2097
2161
3551
3727
2173
4736
1420
8904
4539
2881
4755
3097
1668
5043
2248
3235
2306
7848
5778
3242
4054
3041
2677
5401
6385
6160
6056
3276
2458
2060
2536
2817
15313
6019
1315
2854
2892
5813
3602
1275
2959
2651
3626
2170
3272
1022
3391
3665
1496
3514
3046
1630
3488
2068
3303
5713
3154
1865
2424
6633
3652
2281
4157
2655
3602
3657
2871
2468
6716
2375
2532
2105
2506
2181
2260
4384
3005
1901
6054
2112
2497
2315
1937
11388
2070
6191
6467
4382
2267
3053
3398
4333
1523
4761
2982
2736
3113
4856
4367
2258
6266
2155
7191
1363
2425
4017
5871
1817
1022
6030
3075
3200
4803
2937
2758
4412
4903
4707
4625
1696
3236
2372
10650
7122
2071
3824
1535
2232
2381
1775
4279
3274
4432
2787
5188
1961
1666
2373
2884
1871
2110
1557
1859
6324
2268
5564
6003
7413
2068
4477
8729
5830
1863
7417
2244
5385
1426
4364
4110
958
3036
1905
2540
4070
5274
2419
1249
1593
5383
3076
2451
1685
3817
2658
9397
1803
2525
2726
1094
1442
2908
8468
4620
2085
6136
1971
4540
3551
2086
2927
2539
2698
6344
2131
5176
2671
3966
1859
1765
2301
2426
1356
3298
6001
3456
2608
3694
2098
2945
1716
2632
1887
2816
4355
4925
2814
3247
1350
4617
9979
3832
1502
1539
4888
7161
1774
3015
4690
4715
3368
1453
2473
1918
1404
3165
2070
2618
1113
2488
4769
1356
8601
4962
2551
2476
3153
3641
4229
3004
3123
3810
1895
3011
2473
3459
3830
7859
4378
3531
2462
4675
6503
3094
4472
1981
1389
3055
2533
7244
4926
7519
4801
3079
1896
1674
5041
3811
2212
2227
2290
9950
2389
1764
3529
1081
3462
3672
3700
1275
2531
3316
4960
1229
4718
2494
3495
3879
7269
4632
2273
4768
2552
1991
4237
1951
4827
891
2667
2963
1246
3403
3892
5150
3043
1906
2727
2213
1506
3019
2286
10530
4422
5072
1857
3724
3536
5030
6247
2036
3541
6826
4868
4425
2169
3780
4840
6569
3564
1901
2655
7568
2642
2951
3894
1863
5012
7220
3673
6617
4175
3982
3710
4925
5708
3216
1410
4515
1794
1953
4120
2345
3770
2203
2638
3950
2694
3900
3272
1384
3921
3454
4418
3446
1665
4458
7546
3217
2747
2749
3864
7740
5502
2431
3322
3731
2724
3722
3167
1832
5299
8272
2520
2906
3370
4327
3224
8695
1637
1791
16343
5950
4814
3619
3549
4304
2784
2997
2297
3369
2931
2965
1181
2876
3065
3443
5442
2821
1603
2480
1732
3046
2559
3903
2151
1709
7452
2671
3366
1610
4543
2138
3633
2648
4088
3532
3112
11944
6627
3867
3489
4725
3971
2002
1737
3425
1905
1962
1678
4210
1763
2856
2444
4819
2363
2495
1945
3614
2436
7633
1748
2539
3141
1584
4002
4590
1815
3180
6163
6623
4956
4849
2643
3577
3096
2550
3404
3524
2406
2114
5435
4344
1204
3740
7907
2141
1638
2263
7436
1319
3889
3041
3306
3256
1614
6890
2457
3215
7346
2941
2273
1977
2944
2082
2225
5713
1881
2154
2957
2818
3281
2517
5895
7284
1881
2718
5929
4529
1952
8259
1666
1123
3463
2647
6141
3475
5450
2350
5415
4686
1730
2823
4962
2133
5045
6978
2403
6757
2749
2047
11903
2593
2474
2710
3473
1368
1557
3072
2801
3868
2252
4135
4480
4118
4192
4186
1128
2241
7578
3713
9177
3063
2980
2150
3935
14630
2503
7592
5496
5198
2441
3733
1967
2661
3088
4188
8009
3865
968
2433
9471
2243
2976
2625
5174
3336
1603
3423
3181
1741
1004
1756
4472
2238
6112
2223
5634
1778
2296
4384
3954
1657
5322
5298
2795
4135
4193
2972
1964
2159
4534
6706
7401
2026
4270
1926
2481
3187
6353
3277
2420
5557
3432
3390
2085
3255
4744
2883
4815
1126
3575
2832
2329
2563
1703
1799
2641
2532
4506
2851
3346
5245
7115
5547
1161
3601
5900
5165
1521
1772
3177
3317
5356
3083
2727
3131
832
2207
6209
6822
3420
2931
2174
3797
2939
2213
3190
4048
1318
3630
3492
1779
3119
3594
2777
5285
3563
1669
3813
859
3360
5003
1243
2029
1708
1650
3870
2387
5137
1040
4809
3645
2881
2403
4089
5587
2503
2734
3840
3269
7776
3646
3731
1175
1576
1356
5471
1434
1651
1332
6412
806
2540
5311
4713
7350
2782
4972
2496
2774
3125
4057
3497
6022
1715
2206
3479
2122
4717
2256
1690
3010
4106
3900
1893
3228
3683
5231
3556
2830
3499
1310
2533
3515
1921
5382
2291
3247
2514
1636
2799
3681
3307
2615
3627
3600
6030
2677
2930
2631
2508
2338
2473
2973
3829
2363
1397
3192
3753
4911
2039
4131
2922
2907
1972
4156
1666
3021
1637
3444
2245
3954
4564
2911
1967
4292
2585
2177
2880
2011
2531
2322
2209
1467
3349
2400
4675
2287
5886
1048
6803
1982
3277
2662
3901
2089
4546
3085
1877
864
2564
2375
3655
2498
1557
4986
8075
2574
3035
1714
3752
3979
6164
8419
1047
1646
4810
2983
2666
3208
4382
2744
8446
5615
1933
2149
6730
1758
3984
2943
1742
4250
2775
3557
7142
5080
1687
14262
7756
6858
1459
2131
1957
4690
2629
3298
4000
5852
2908
7328
1883
4466
3058
3121
5146
1110
3960
3471
3590
1711
2651
1755
3914
3742
6888
2403
7369
2087
2882
6094
1083
2604
1839
5328
2623
7080
4293
2463
1313
3556
1260
4141
2321
4062
5115
3012
3125
2165
3970
3225
1883
5459
3290
1793
1088
5224
2003
2694
2119
3482
4291
2683
3202
2174
4157
4876
2774
4417
5268
4829
6809
2989
2609
1461
1604
4840
5187
2028
4923
2496
3994
9880
5494
5305
3900
4761
3363
3553
1675
2854
3801
2099
2383
3682
1170
2865
2080
3683
2554
2027
4783
3628
10266
1781
4425
2469
1267
5970
13042
5953
2521
1550
2485
4202
7810
3015
3816
1564
2457
5493
2613
1874
4280
1866
2391
3623
2200
4605
1832
5425
1098
3364
2498
5893
1970
934
4826
3273
885
1959
1609
2773
3997
3048
5801
3652
2094
1469
5637
1395
1711
3267
4212
2129
3081
1855
6474
3806
3377
2003
1725
735
2988
3580
6276
2245
2283
2396
3650
1819
3324
2255
4104
4394
4095
3804
1473
1537
1556
4035
4204
2174
1512
3939
3269
2959
1480
4219
1956
6250
3673
4665
4249
2640
3200
3417
3255
6750
2125
4153
2740
1590
1256
2337
5823
2775
3595
2817
2805
1283
4645
7021
2336
1706
1611
1701
1532
7686
2397
2121
2893
4658
4445
7341
4450
3311
2601
5503
2982
2634
1199
3816
1512
2108
2816
2680
3113
5484
1948
2189
4438
3167
3414
4467
1846
1594
2886
1877
1998
2946
2464
3462
1875
4329
4481
2032
2930
5216
3971
3901
4807
2392
4989
2322
1698
4091
5515
2850
1894
4022
2085
5171
2570
4109
1736
4020
5198
2188
2476
2091
3665
3640
3709
1968
3916
2229
3497
3723
2101
2595
4429
2643
2142
3241
1507
3010
4611
7986
1061
2870
3834
2641
4591
4655
4795
3495
2209
2004
5807
3964
1714
1753
2428
1392
2580
5195
2152
5269
1223
2080
2701
2354
3831
4187
1540
2139
2513
2621
1627
2764
2892
1782
1447
2145
1610
1999
2715
4060
2676
1657
2492
1915
1575
2896
1532
1831
1620
3051
5095
2731
3349
5013
4179
2605
4582
6963
3161
9283
2671
8713
4767
1594
4217
2987
4026
985
2878
5397
859
6548
1611
2630
3248
8417
1563
4891
2523
6888
4440
5664
1948
2824
4834
3076
2777
2980
4142
2497
5079
2915
1104
1973
3533
3804
1731
4276
4475
2711
5431
2633
1104
2807
2551
3803
2926
2334
3122
4207
4556
2641
1009
1383
2746
3540
1224
1139
1323
7572
1558
4938
1327
1900
1364
2668
2703
6769
2823
4075
3616
5587
7297
3366
1786
2089
4385
4786
4556
4375
2382
5822
1940
3163
3334
2866
3660
2617
817
4041
1731
4025
2549
4758
3509
2233
2018
3156
4566
3299
1703
1948
1703
3822
5956
2473
1829
2756
1590
3870
3564
5341
1062
2321
1313
3862
3549
2907
5774
1786
2809
2592
2800
5093
4952
3466
3661
3986
3955
4481
1450
2768
1304
3889
4469
3579
1674
5589
2276
5843
4361
3999
7770
1343
5287
5117
2897
1962
5786
1719
4040
1211
6273
2818
2298
2131
1616
2533
4831
6128
1927
3039
1517
3003
2578
2668
2995
3101
3736
2894
4287
3720
4112
7244
1836
5082
3666
3554
2989
7049
3963
2825
3955
1004
2631
2886
6521
5241
2419
6016
2947
2247
2540
2138
1568
7661
3884
1551
3851
3285
1266
2910
2226
3856
3528
1623
4776
3439
2983
7232
1161
4165
8904
6516
4777
1512
3691
3620
2232
4226
1443
3672
1477
4114
3927
4727
1702
1491
1907
6231
1578
3794
2622
4089
2835
2299
2411
2976
5358
1103
4921
3416
8587
2704
1828
1727
3100
4124
1936
7406
2352
4192
4091
2944
2441
2825
2881
2432
2775
4599
3683
1445
3019
2204
5200
5217
3932
2589
1193
2076
7892
1526
5160
2289
4920
3427
4895
3693
2958
3274
2264
2663
2025
4340
2947
6353
4983
2705
792
1582
6285
1891
4242
2647
2621
6229
1867
3019
1476
4140
3352
1043
7212
4145
4305
2517
2687
2346
1542
3483
919
2813
5145
3060
4233
6314
2635
7426
2800
2960
1787
1480
5061
4178
5561
2175
4617
5026
3910
2747
2265
3922
3763
2833
2255
2139
3229
9673
1670
2467
3810
5800
3679
2418
2559
4773
6280
3223
4877
8293
2618
4164
3555
1327
7529
2361
1729
4534
4371
3017
3339
5384
1786
2000
3972
2798
3519
1943
2410
835
2369
3495
1092
7442
3826
2866
5579
1215
7318
2793
2410
2307
3858
3074
2668
4516
2689
1076
4695
3259
3631
5075
2629
2079
4464
5550
2120
5018
2248
2348
4314
1816
4316
3099
2137
5793
5844
4574
3465
954
2762
2350
2279
4091
3751
3807
2771
6187
3128
2114
2402
2158
3491
2118
1027
2621
2253
3071
5845
1280
8661
2138
3370
4727
3916
3094
4488
2519
3316
6721
3873
8196
4774
5463
2569
2348
2199
1757
5839
3492
4531
2729
3657
1931
1350
4230
2599
4279
2503
1508
6178
1647
5139
4641
1570
2526
3307
3919
1573
2152
2211
2564
2356
3305
7416
2922
2595
3018
4939
1972
3781
1413
2327
2907
1110
3232
2504
3407
2741
4174
1812
2009
5027
3853
4672
6647
2233
5541
5094
3877
3796
2968
2593
2893
4168
2084
2967
3126
5136
2405
4062
1968
5510
3346
1941
2918
4547
2666
2012
4017
3952
1130
1461
2822
7991
6573
3418
3238
2091
3770
1841
2094
2485
1317
1508
3896
2371
4361
2684
4077
6313
2463
3889
3747
1141
4089
4784
1384
2411
4420
2458
3375
5941
2561
1264
4503
3270
3243
2156
2872
3603
2332
2188
1631
4056
1964
2559
2193
2644
6960
5550
3910
2106
3914
2924
3916
4980
1987
2093
2746
3756
1629
3334
3048
2237
3580
1946
3685
3620
1637
4259
4086
1981
3816
1368
5110
2493
4911
5924
2658
3491
2439
4373
993
2050
3755
1976
2781
1910
1927
5165
1862
4103
4412
2661
2543
5577
1797
3539
2596
1437
1803
2732
3526
2842
3413
2407
2722
3344
6397
1257
3894
3596
4446
2549
3426
7666
866
2606
3627
5453
4616
3122
7707
1234
1598
2372
2414
2140
2585
13232
4217
4447
2997
2162
1611
3627
2216
4193
3691
2280
702
5021
4133
2384
5375
1243
2048
3443
3175
3535
1460
1206
3281
2449
4569
4108
2256
2648
2135
4846
2436
2061
2364
1416
4966
4503
1968
2310
2288
4688
3868
1720
3026
2114
4990
2775
2770
1708
2156
4859
2506
2610
9369
2917
3304
2880
1063
4580
3702
4445
1285
1559
2461
4780
1958
3742
5632
5116
2185
4132
2641
1465
3698
7343
1245
2993
5874
2797
3945
2825
1330
4472
2826
2724
4852
1842
1912
3277
3183
3185
9522
1308
3045
9414
4082
3098
2046
1413
3063
4932
2470
5960
1998
7204
5775
2202
2788
1191
5086
4538
8379
3216
6257
3744
3828
2589
7538
2980
3173
1132
2057
3969
2286
4499
3277
3457
4763
2443
6682
1689
7370
2296
2363
1637
2092
2803
1774
1574
3424
3125
5989
2691
2147
2336
4212
3649
3271
6569
1585
8888
2960
3468
2824
7803
2185
3786
4390
4941
3091
1270
7435
5421
2155
4012
4255
2837
3305
1796
4035
2517
2485
2346
4208
1884
5579
2845
4285
1516
5066
6609
2015
4833
5793
2445
6219
3484
4240
6217
3609
3199
2140
3248
2549
5648
3614
1416
1785
2755
4316
2510
3137
8095
4984
5516
3480
3914
2535
1848
3388
998
3264
2678
1633
5278
2503
5769
4081
5532
2650
1515
2814
2765
1099
3562
2654
2348
5350
8975
6667
2949
5405
3647
4330
3682
6055
1585
4560
1645
4387
2534
3069
3177
1677
2939
4974
1679
4326
2485
5710
2138
578
3964
3027
3040
3040
1591
2449
4528
2443
2360
2969
3834
1987
5828
2097
2722
1522
2471
1957
3431
1321
2700
3247
6656
4666
4637
3307
3979
1374
5034
5116
1569
2106
3259
4054
6183
4494
1219
4737
4204
1921
3779
2839
3849
9397
5738
2076
2994
1672
6243
3684
3572
1430
3379
2024
3071
5847
4397
1113
4469
2582
3340
4086
3742
1915
2686
7357
1382
8118
6237
1658
5207
2624
2589
4261
1950
1565
5361
4339
2887
2013
2970
2550
1096
4512
8470
1444
3981
1877
2935
4316
5471
2166
1961
3302
4256
4170
1735
4223
5765
1283
2052
3144
1246
6169
2848
2881
4337
4051
2963
3972
2493
3290
1974
2358
4082
2591
4569
2197
3108
3557
2282
1723
5240
1358
1233
4396
3584
2677
4592
3276
1689
3254
5517
5955
2117
3363
4374
4830
5433
2745
1553
2047
4039
3036
4881
3625
2588
3622
1140
2895
3255
6118
3752
1578
1811
2146
5082
2787
2583
3291
5918
2709
745
3336
6493
2117
4086
2498
1829
2585
2807
5966
2384
5374
3268
5072
2856
2848
2886
2437
9390
1481
2646
4170
2043
3739
2762
2162
2928
2960
1433
2645
8190
3629
2152
4007
3576
4655
2183
6949
2054
2795
1997
2849
2665
2479
1934
4125
1679
5006
1738
3628
4029
3363
3135
2706
3818
1696
1760
2756
1667
3220
2407
1358
5655
4021
4874
2699
1614
1359
4942
2529
4514
1739
809
4793
3963
1709
2948
7339
2985
2764
1641
4035
4878
2087
2313
2329
4914
2785
4094
1555
1445
3396
7986
2100
4312
1934
1873
2655
1819
3409
2386
2993
1927
2599
4885
3224
2563
2844
1494
2870
4801
5178
2586
3253
4518
3505
4080
2747
5951
3930
2552
4009
2008
3081
8194
2121
1768
3421
3193
6790
1262
3251
4496
2955
2891
2139
1379
2236
6077
2059
2250
4468
2639
4689
3362
3710
3284
4192
1590
2649
2117
3568
11248
1796
7238
8603
2334
6338
2833
3375
1694
5157
3690
5383
1985
3025
7680
2777
2497
2691
1416
3622
2821
3348
3148
2432
2745
6791
4932
2889
2951
5477
2372
4284
2051
5595
5561
2330
741
2010
1819
2240
2962
4194
12250
7915
1804
4560
2646
5442
2076
2992
2122
2986
4544
2586
2430
1722
1268
2970
5242
1967
4517
1661
3235
5361
1935
2133
4596
1558
3287
3330
3809
2400
2331
4521
2000
1642
2511
4253
3856
5572
3399
3544
5322
2778
2608
2907
3886
1674
2520
2080
1547
13214
4259
3959
2647
3396
2857
2916
9800
3075
2989
2193
3618
4828
5253
7988
1702
2004
8095
3448
2191
3731
2832
2470
4613
3092
2010
2865
5072
4633
1496
2551
1403
4159
3623
4503
4100
2005
2262
2421
3380
5451
2241
2062
2949
9466
2782
2479
9001
9384
10528
1538
5544
2436
3538
2716
3407
2076
3679
1799
2347
4003
3186
3214
3232
2833
2819
1374
1969
3727
3388
4212
8147
7141
2463
3294
3120
2033
3251
4128
3450
2066
4192
3050
5168
2442
3578
2183
5225
1614
1256
4978
1676
2863
4926
8367
6064
1926
2119
2535
7658
1212
5381
2448
2913
3194
2699
1125
6095
2299
8051
3114
1566
3198
2775
3063
2556
2277
5718
2704
442
7569
2279
3026
3551
1365
1580
1894
6100
6198
2238
2683
3114
4177
2082
1612
2859
2032
4497
3764
9736
1880
3211
8894
4538
1620
2150
2819
4752
2055
2046
2722
1812
4447
2443
14243
4759
6318
12716
1851
6736
7774
2340
4324
3380
1887
9666
3304
8233
1295
1159
1983
1089
4548
1740
2674
2212
3122
5066
2062
8850
1840
2017
5803
3283
1325
5626
2063
8081
1726
2214
3824
2923
2236
2906
6104
3334
4780
3047
1284
1773
2767
6954
1671
2995
1944
1694
4879
1996
2076
3820
1781
3154
4057
7378
3796
3610
5220
2882
1446
4442
2215
4093
1540
2956
1978
2512
1511
6631
1004
3371
3955
3936
3956
3428
3631
1705
2489
1322
3130
1253
2575
2486
3870
582
1577
7678
4233
2731
6172
2425
3299
1355
3051
4358
2269
3523
3209
1859
2496
4209
4012
3468
2859
2438
1955
1297
1649
2952
2509
4341
3420
1624
3011
3448
1519
1321
7703
2287
4582
1924
2338
1267
5321
5677
1439
8934
4266
10312
7064
2014
5201
1493
4512
2384
2831
2372
2448
2156
4536
2742
3300
527
4523
3734
5410
862
4053
1995
3006
2979
4509
2590
2062
3192
7188
6856
4647
3059
6780
2549
2029
3663
5261
5469
2619
6526
3529
4357
1847
2233
2180
750
2954
4646
2736
1990
3453
2064
2736
3353
4304
5942
5178
1985
3820
2077
1139
3574
5545
2107
2688
1049
7119
3478
2145
1203
3221
1542
791
7567
4164
3288
1782
4976
5767
1838
3872
2742
5479
7376
3539
2376
1621
2285
1963
3976
3012
6449
5888
5393
7182
1062
1683
2650
2974
3581
2799
2628
3996
2143
5743
2363
3040
2148
1778
3934
3835
4231
3074
2827
3625
2301
2015
2422
2748
2952
1158
2736
2276
1301
3445
2414
3463
4552
3082
1805
4792
2621
1675
1767
6429
4315
3471
856
2566
3557
1822
3099
3940
1498
3164
3552
4807
5954
2540
1021
2218
2707
3670
1717
4602
2144
4701
2277
2317
5741
1971
1992
2648
4823
3070
5091
1830
7347
1604
2898
5728
2496
4335
1929
2556
1578
4557
2051
2748
2215
4813
2779
7120
5705
2050
5628
2884
1314
909
3669
2816
4349
3454
1588
1411
3469
2312
2348
4766
2219
3880
4572
4273
1666
3893
3953
2319
5249
3103
2806
7782
2569
4511
4130
6237
2916
5316
1638
3398
2337
1180
5678
2861
2953
2759
2377
2279
3292
1951
2747
1175
2539
1539
1422
3892
2716
3473
1842
2685
3174
7083
1804
4089
2169
2939
4868
1438
1490
750
2888
2147
4083
2654
8672
3955
1894
5909
2193
6938
2212
1711
2848
1535
1589
4850
1310
3108
3872
1892
7114
2971
6091
1993
6040
3042
2766
2712
5957
2411
1132
2442
1864
6734
1685
7021
3486
2121
3264
2152
4619
6183
1404
4847
5101
3707
5834
1856
1682
3002
6503
1255
3605
2384
1750
8764
4443
5944
3045
2052
695
3393
9445
3696
1977
4188
750
2679
4412
4498
9713
2490
6219
1982
1228
1073
3996
2336
3497
1949
2846
1332
3232
2158
2865
2418
5090
4775
8692
2295
4002
3512
1454
5018
2980
2697
2776
1902
4135
2789
1615
2811
2014
3104
3738
2198
2327
2485
5078
3629
2816
1705
3660
3343
3584
3043
5059
8122
2542
3284
6294
1597
2903
1601
4749
2553
2327
6552
2736
1021
1896
1415
4255
2875
1713
3018
4507
5027
4334
3611
3229
2010
2432
2918
3555
8416
4785
3378
5079
3087
4831
2741
5119
3826
1933
9124
3201
2201
1195
3500
1859
1446
4664
3088
3069
1483
3069
4389
11128
4205
3048
2903
1831
1186
5764
2491
8696
10477
1736
1335
5386
2654
1342
3313
9622
4058
5057
2299
2796
5755
1944
2887
3268
3164
3100
1473
1759
5551
2976
2806
2326
2363
3377
2814
2501
3425
2173
3721
4416
6414
4534
2501
2712
4045
1322
2276
3480
3831
4213
1515
1828
1436
4400
2045
3576
4514
3413
1106
3230
3206
3907
4663
2961
1430
2035
1430
6136
3463
5557
2159
3536
7110
4494
8861
1770
2818
5768
1769
4347
2410
3969
4073
1808
5108
3587
4922
1000
3273
4584
3657
2568
3565
5763
1613
2426
10611
3402
2571
1917
2645
3588
4317
4285
3943
5765
3230
6506
2539
3586
2320
6764
2884
5118
2898
1342
3413
1884
2877
3031
2278
2031
6376
3479
1651
2466
2072
4286
3426
6069
4217
2414
2001
3186
7673
5149
1721
1932
2391
3300
2396
2387
6200
3598
2073
3274
8798
2571
2414
3310
1546
2667
2314
1732
2479
1787
3568
2458
3006
1359
2768
3203
2392
2282
1792
1462
9205
4639
2491
4945
3986
3291
2249
1651
2188
2894
2523
5922
1500
2739
3121
1554
2528
2556
2459
1964
2732
1745
7223
1713
3756
3177
2298
2688
2539
2365
3735
1350
1600
3607
1847
12126
2469
2063
6499
3639
1806
2773
2827
5748
5426
5015
2232
2740
4448
15173
2526
3151
2899
2184
5613
5146
1389
4459
4682
2038
4114
2268
2179
3129
5713
3089
777
2461
4694
5968
1695
2403
2401
4248
1299
2665
6022
1636
4453
6437
4116
5788
3138
1983
3222
2150
2575
3394
3338
4282
3052
7141
1530
1301
1403
4532
3607
3682
1200
3057
4911
2996
1430
1263
5992
2728
3801
6050
4540
3047
1807
1581
2782
1814
2333
4040
2374
3399
2410
2656
3284
4260
1644
3383
5395
3107
2368
4884
1865
4364
3273
2278
1825
4439
1852
3379
2310
3155
4443
2132
4219
1268
2345
2932
5383
2468
1955
2049
3081
2627
1716
2170
2685
3598
2031
3025
9773
1460
3656
2824
1934
2801
5580
2638
1802
2961
3342
3832
2823
4680
3309
5917
3708
3291
2405
1846
3891
1944
6286
1473
9331
1842
2523
4310
1526
4388
9557
4173
4247
3912
3200
3603
4256
5830
3883
2571
3459
2490
3897
2340
2143
2579
2640
2677
4332
6352
1846
1750
1984
2967
2737
3147
4204
2324
3276
1976
4582
1862
2704
6886
3550
2135
1184
4324
4580
6253
3561
1880
4634
2517
3770
2769
5343
3035
2149
2951
1899
4172
5450
6907
2081
2487
5190
2284
3493
2800
1952
2702
6702
1148
3310
4876
2877
2558
2956
2003
2137
3147
1743
3015
1441
2842
7403
4221
4470
6836
2531
1290
5978
4192
3380
3548
1785
2035
3474
4110
3268
4163
2999
2836
3007
1321
8968
3283
1954
1424
1692
2267
3598
2506
2096
3197
7810
3917
2497
3169
2950
5222
3147
4289
2212
2884
2951
4686
3440
3969
4214
1754
3178
4357
8358
2896
2038
2638
3453
1851
2379
2197
2305
5628
7217
2730
2458
8509
2741
4906
3955
2031
1722
3862
2726
3604
2993
2663
2397
4863
3038
3003
2171
5540
2483
4721
1542
2015
4351
1473
2632
875
2127
5541
5141
3299
4992
1903
5400
4769
3073
2936
1901
3685
1171
4355
3688
2144
2024
5186
1255
2134
2646
4721
5811
3992
1830
3213
3901
3758
3631
4227
1655
2563
942
1559
1995
5280
1827
4401
1417
3190
2370
5649
6142
2269
4351
3467
3080
11861
2124
3627
1504
4234
7911
1958
3546
2860
2322
1440
2934
2652
6735
4928
3177
1096
5086
2224
1828
2317
6458
2849
3973
2539
1150
2047
2230
2320
3169
2972
5912
4091
2798
2766
4273
2790
7104
2548
1992
3090
4052
5343
2732
3241
4863
2232
4506
2263
5164
6151
5153
7498
3572
3156
4664
1593
4053
3027
2926
4067
9800
4737
3382
2576
1909
5641
4072
4526
2227
2091
3735
4303
3454
2082
5051
1732
4913
4405
5288
1244
1423
2908
3581
4300
2386
1826
5953
2193
4424
6132
2659
3307
7878
2246
4784
2623
2457
2047
3570
1299
4167
2772
2500
2638
2315
4112
4707
4510
2320
717
4215
7645
2616
4754
3619
2835
2049
5912
2918
5457
3747
7564
2004
3590
2904
3469
2339
3410
7021
3152
2391
2704
3255
2735
1893
3440
1355
5121
2088
2338
5557
2829
1948
3300
3702
3481
1381
1746
3754
5153
2139
1910
1264
5816
2141
1849
3428
8286
1715
2597
3011
11127
7641
5003
2230
2814
2529
3701
3596
2090
4403
1800
5035
2610
2823
4181
2581
3167
3192
1757
3942
3182
11299
2388
1782
3187
1177
3991
2617
3538
1066
1355
4942
1416
5885
3486
3299
1742
2105
5685
3604
3747
1801
3732
1881
3058
2243
3733
5226
6380
1441
2623
2458
2870
1550
4994
10763
1871
2900
2794
1610
2707
3310
3808
2914
2824
4187
2032
6846
2417
4613
1975
1899
2157
3282
2617
3303
4610
1780
5561
2806
3866
4723
3191
4209
1755
899
4061
5718
4945
2198
1370
3367
7471
2940
7854
1275
4315
1697
3488
1795
826
1538
2425
2969
5431
2526
3070
3681
1415
2321
6587
2337
4796
3401
3710
2170
1876
5335
1269
2384
2204
4681
2979
1187
1205
4747
3744
1013
1132
3793
2861
8715
2851
2805
2194
5623
1785
2726
3530
5220
5083
2522
2385
1637
4921
1217
2608
1193
4143
2260
2599
6376
2208
3737
2130
2703
2212
1953
3218
2208
1703
2592
4012
4907
3006
1616
8483
4298
2139
2724
2378
3216
1469
7220
2318
4176
2168
5418
2584
6097
5230
1453
4013
5462
1672
3210
1489
3723
1401
1191
5415
3043
4942
2491
3219
3589
2770
2721
3655
1503
1787
5769
10452
5162
5151
2186
1189
3803
3033
2338
3442
2660
3031
1955
3434
3332
2554
3057
1431
3428
4949
4303
1609
1978
6659
4404
6204
1703
5454
6942
9061
1858
1645
1826
6138
2918
2515
6311
4063
2598
2470
2369
4024
2719
7581
3197
2578
3564
3988
2782
979
1697
9415
1646
6276
5079
3487
5253
2299
2557
1457
2164
7515
1056
2564
4387
1965
6169
1739
3505
3184
4665
3482
5227
4215
2502
3294
3674
2696
3948
2666
3629
2709
1857
3549
12981
1428
1241
1547
3439
2208
1211
3217
3358
2404
5597
1111
2677
4192
3089
6002
887
2735
7488
5254
3113
2703
2177
3340
3292
2071
3136
3321
1375
4160
7767
2378
1150
3380
3858
3241
2487
807
3811
1324
2967
2133
4074
2643
1381
4155
1503
1725
4882
1647
2767
2091
1986
3088
2628
3187
2615
2906
3134
1289
5755
2432
3865
4256
3282
2835
4294
7486
1490
3196
3279
2596
5396
3894
3011
3284
4678
2050
6818
3822
1875
1293
2279
3699
3513
1355
4089
3195
3074
1822
10614
3222
3076
1786
3805
4571
1699
3014
2422
8251
5422
4286
6367
5910
2300
2995
2053
5677
3959
1834
2471
2402
4592
2686
8752
3478
3416
3918
2303
6107
2034
3257
2925
3933
3330
1264
2060
3491
2187
1774
6668
2856
2224
5230
2297
5026
2061
3551
1975
5040
3394
3571
2254
5051
3767
4265
5242
3837
3448
1030
2641
4724
1804
2692
2081
4028
4082
2676
1839
3848
1632
4684
6185
1682
3885
1787
2732
3357
4321
3760
2164
1001
6773
4773
7891
5002
2274
2186
3144
1988
2807
2984
1946
3213
1057
4166
4391
2418
1659
3779
1510
2486
2873
3890
6424
2121
6146
8141
5335
4570
5199
2343
4872
8872
4498
1749
2125
978
3957
1609
3965
2328
1481
2576
7078
2866
1766
2606
5081
2819
2241
1786
3037
3998
2148
2884
3004
1419
3332
6053
2105
4366
1490
3898
3783
4094
2368
2639
2867
3078
1819
4231
1881
2732
1011
2361
6147
1850
2303
2698
7135
8571
4444
3669
2050
7672
13259
2028
3126
5184
6436
2875
8599
3794
2473
2543
6307
3131
5586
3903
3156
4419
2535
6134
3359
7683
1829
4633
4329
5135
5672
2323
3077
5098
2717
1546
2515
6450
1171
3375
4672
1717
4182
2144
2201
5265
3688
5839
2226
3864
1834
1305
2516
3910
5180
3211
2927
1940
2946
1320
1541
2691
3070
1858
3073
4741
3680
1991
7047
3782
4148
3246
1775
3477
4491
5035
4931
3993
1782
3065
3609
4581
4321
6756
2182
4503
4084
2213
1279
4874
1603
3431
5632
2169
7731
5951
7249
6723
1340
3889
1953
3512
3292
8037
3082
3208
2303
2913
4093
5667
3503
2398
7302
6099
2489
1950
6572
1246
1684
1318
1274
5017
1453
4395
1644
5558
2849
978
1899
3800
3007
2607
1855
5701
3325
2968
1724
1993
3104
1515
1667
3131
2534
3868
1692
3406
8530
2873
1562
3536
4789
1230
3582
10532
2108
8662
1476
2192
3603
5319
2367
3901
4093
1884
4512
2632
2578
1476
3661
3740
1710
4927
730
8159
8672
4784
1424
1207
6098
2955
1387
3271
3799
4517
1858
3470
2234
2730
1206
4152
4209
4124
9684
2384
1800
7694
7328
4177
2807
1596
4042
1374
3788
2068
2095
6464
5153
1805
1960
3062
2974
2562
4810
2487
6801
4176
1854
10674
4454
5802
6432
2078
1452
4225
2432
3431
2827
990
3705
3542
2495
2836
4141
2642
1107
1148
2778
3398
2241
3037
4839
2478
5321
2434
2416
2379
2419
3623
3770
2732
4437
7421
2753
3478
1373
2303
3138
2427
6343
6687
596
3355
2632
3386
1866
2303
1983
5957
3080
2445
7112
2887
4560
6019
1126
975
3815
5680
3043
2005
3369
2019
3482
2476
3037
1567
3108
1900
4096
1699
5212
1271
3094
3002
2772
1404
7582
2711
4010
2202
8542
2250
5497
4563
1085
4448
5082
2770
3170
3317
3097
3126
5436
4143
6541
3240
1158
2921
3180
2511
3044
13588
7779
2666
4193
3438
7583
4583
6198
3139
3596
4006
1812
3509
2289
3371
6768
3776
1389
6025
3056
7965
3140
2330
4941
1692
2653
3898
2159
2915
2768
703
5608
5210
6513
2095
5468
2672
3971
2636
2705
2441
5320
588
4516
7807
3373
2702
2909
2749
1600
3293
2548
3448
2952
1419
2084
2800
1764
3027
1985
5068
2297
2054
1337
3277
6128
4132
4339
3061
4515
1647
1532
3108
2075
1127
2591
1169
848
5199
3367
2801
4475
1738
3952
3443
4602
4104
4023
4444
4871
2206
2813
4743
1831
2376
873
6404
2947
4975
6944
8061
4701
1938
5391
3367
4786
3830
2112
6846
4743
2252
1361
4941
1915
2091
4765
1930
1907
4601
4097
2728
3856
1141
2689
3371
6987
3653
1579
3105
3771
2409
5574
1677
2563
4058
3433
3465
3678
5648
3449
2251
1627
1140
3372
3119
4598
1897
4781
1393
2164
5114
4140
2434
1514
7091
2364
4442
4912
2481
4249
4832
3995
3848
2967
3325
3590
2410
3105
3895
3383
3696
3104
3799
2943
2886
4843
7899
4821
2494
2339
3343
3249
1560
1892
3485
3679
5048
1441
3500
2669
3587
2071
2981
3239
2920
2594
1905
1670
4459
2676
1876
3875
3290
3497
1752
3167
2351
2330
3216
1474
2335
2890
2002
2675
4087
2988
3467
3388
2109
3855
3862
3448
4137
2882
6695
2656
3666
1291
3137
2910
3553
3611
2208
3639
2856
3710
2756
1446
4473
3427
1847
2433
2344
3215
3758
3158
2726
5310
2454
1814
1378
2718
9623
5556
2032
3164
2822
1891
1675
4161
2301
5470
3703
5338
5368
1860
3852
3331
3540
6565
1971
4649
3673
4089
2561
5117
2720
4649
2675
3262
5399
3453
4618
5743
1090
3836
1900
4391
4966
5026
4555
2341
2798
3036
2992
2347
4824
2121
3033
3102
2508
1519
3082
2918
2135
3435
3428
4548
5388
1481
5101
1778
2571
4470
2136
7495
7189
7686
2219
1880
4019
4919
3089
3191
2823
3302
2523
2621
3009
2121
4046
2631
2548
2773
1296
5491
1820
6117
2823
2943
3120
5876
2397
1938
3512
1441
4658
2460
2449
3745
2865
4386
3097
2522
5313
6068
3150
2991
3309
1037
4203
2869
2483
2423
1780
2736
5030
1532
5245
3417
4415
1155
1887
3403
3895
3256
2291
7409
1769
1965
2484
6198
2298
8099
4223
2027
6184
2347
10368
3112
3060
1629
3482
2115
2853
3595
1286
4144
2809
3390
2690
1323
4623
2268
3506
3943
2453
4759
6844
1955
5590
7399
1513
2389
1956
3414
3744
3729
2652
2684
1992
2523
4771
2797
3203
2815
6160
5645
1958
1960
1970
3759
2082
2438
2402
5237
2085
1817
1556
1926
3184
5659
2421
3355
1796
3446
4335
2482
4690
1761
3289
1954
1547
2059
1661
794
1753
3968
7174
3245
3464
3033
1778
1347
2020
2516
1819
3792
1860
4236
3981
1502
4324
3292
4227
2527
2048
2827
4568
3394
5248
3631
4127
1580
1977
7618
2735
3593
2670
3981
4032
2744
3571
1679
2117
3954
4175
4153
1795
5687
2921
10232
4357
1142
2971
3580
2470
2631
3139
2083
4817
6179
3489
2579
3731
3209
2434
3545
3107
1621
2725
2598
2397
4647
6955
3161
2958
2494
1973
2707
3373
2015
2845
2818
1877
3351
4771
2592
4777
2724
3005
2016
2695
2240
5652
2971
2809
1842
2879
892
1618
10147
4447
1915
2898
3593
4770
5726
7523
1813
2250
5126
1269
7769
4343
2149
4259
1469
3766
3085
1985
4452
3336
2018
3963
3150
2774
1495
4407
2838
4760
1320
2407
2005
2734
845
3146
2323
3277
6315
1729
4565
2864
2953
1950
3298
5368
768
2611
2711
4976
1551
1301
1722
8395
1704
3043
2621
4825
4241
6271
2177
4692
1312
2052
4256
2471
2959
7029
1771
2335
676
2622
1787
956
2460
2572
2183
2139
3851
7186
6060
8089
3221
3361
5487
2994
8061
3426
3412
4660
5460
2624
1799
4873
2717
7025
2505
1659
1125
4905
3919
2814
2042
1846
2463
4573
4571
5052
2468
1634
5113
5440
3174
1372
2680
5405
1859
3119
2065
6287
2558
1993
5043
5504
2127
881
1206
1202
3977
7081
1406
2906
5871
2744
4899
3644
2609
2954
2389
7069
1690
2539
7932
3235
1971
2837
2656
1399
4264
4207
1489
3443
6328
2107
3808
5315
3441
3224
3841
4892
1854
5315
3839
2036
1744
4217
1526
4439
4451
8713
1824
6589
998
3278
5560
2405
2399
5997
2029
5500
4040
2405
6983
2321
1550
3249
3274
9249
2372
2928
2238
5025
4416
3065
1869
6964
6895
6574
4910
8301
2972
3575
1092
2970
8160
3334
2409
1087
4375
2481
2241
2262
3346
1912
2744
10064
5713
4014
3722
1993
3218
1216
1218
3374
3307
2320
4640
4290
4991
1787
2615
1666
4154
3402
1996
1742
3688
3188
3055
2114
825
3136
4934
3100
2790
2017
1537
1849
4757
1320
3589
1240
3651
2100
2476
3287
3007
4883
3773
4585
2556
3875
1558
3322
5044
2803
1778
3985
4388
1502
3231
2920
6950
3742
4706
1592
4176
1556
2224
5932
2478
3178
4053
2504
9302
3749
1526
3458
2250
2643
2967
2099
2802
5986
1202
4511
3959
2769
3270
1374
2172
3052
3830
5152
848
1969
4639
4873
4772
1762
1903
4905
3666
5147
5940
978
1887
4159
2550
3176
1432
4224
7505
3821
3474
4357
3207
3988
1229
3607
3997
6478
2913
4475
2295
4504
2037
2079
5798
3061
2219
3823
4605
2075
4012
11319
2730
1520
3669
2382
2484
3942
3222
2231
2443
5042
2781
1766
2474
3822
5717
6061
4509
3168
1589
3456
4451
5403
2834
4132
2425
2012
1721
2337
4128
5553
3727
3338
5286
2991
2998
3636
3022
4722
3146
3182
1839
3451
3908
2766
3372
3256
4020
2788
5504
4199
5263
3982
1763
2522
2553
3938
3086
5632
8024
3454
1818
4171
1497
3672
4265
3214
2579
1790
2158
4076
4007
1914
3044
2232
2394
2842
2303
1235
5278
2613
1873
1347
3168
5212
5127
1831
3933
2450
3533
4307
4262
6897
6154
3160
1296
4392
6435
2652
5618
2876
2397
3582
2309
4746
2761
2662
3484
3617
4202
4097
2573
4413
5259
4216
2836
4554
6434
3751
7296
3007
1740
1722
3071
3843
2750
2812
6434
2038
1609
3606
5734
3968
5338
6382
1037
3681
3038
4428
2325
6840
1761
3967
1632
1960
4151
5075
4525
1730
3569
2363
2291
3193
2961
2465
3074
4079
4251
1567
6001
4350
2587
5441
1324
1717
4620
5369
1194
1410
2233
5216
2070
3982
1903
3202
3414
4049
2606
3134
2328
1183
3053
5358
5374
2619
6101
1577
2985
3389
4280
2481
2523
2171
1336
5151
4884
2281
677
2378
1335
3170
3114
3718
1952
3676
3475
5510
8879
4225
5032
4145
3758
3595
3888
1435
7391
4624
4428
4220
2664
1979
781
3381
2510
4373
2024
1648
2938
3206
2393
6809
9108
1055
2190
1030
8264
5879
6215
5193
3111
5639
2579
2125
4159
3277
2463
5690
2459
917
3377
3085
1528
2012
2812
5699
1485
2999
1379
1232
6292
709
1578
3429
1883
5649
3043
4677
3199
2926
7769
7969
4562
4987
3787
3592
2174
7825
3187
1340
3272
1832
1252
3295
2494
2823
1966
5328
1829
3499
2370
2560
2052
5587
2986
1028
2524
18476
4598
3582
2109
2992
3206
3441
1310
1700
2010
3116
2104
2729
9398
4038
5909
1561
1631
5326
3662
2383
2341
1767
3545
5087
2188
2013
2802
7643
1534
5147
2513
3091
3995
10058
1716
2938
4025
2143
5013
1844
3075
7100
3807
6556
4499
1940
3079
1470
7427
6965
3665
1619
2891
2341
5216
3009
2681
2936
1987
4921
5518
2296
2679
1488
5362
2728
2901
6409
3266
799
3959
3806
3521
5722
1428
1642
2863
2733
1969
3266
4007
1709
1512
2520
1733
2137
1537
2203
2415
3566
3086
4526
2511
6052
2458
2767
1552
5589
4721
2683
1683
1116
2489
3502
1746
5237
4150
1521
2997
1841
1783
5345
4183
2538
4701
1107
3114
4591
1819
11148
2456
3076
1178
2381
1414
6633
4038
1293
3183
6245
3030
1143
4058
965
6349
3431
3007
1607
4720
4729
4591
5571
3784
2078
3071
3181
3227
2075
1898
4593
2133
7278
1634
2849
2182
3750
4772
2067
2438
3851
4165
1719
2287
1917
4132
7835
2113
3840
5496
5453
5478
3471
2380
6600
3934
2185
3254
3820
3821
1736
1510
4703
1700
3643
2587
2023
3013
3313
1790
4353
2548
2909
3738
2309
2954
2041
2312
2009
1939
3184
3489
4834
978
1978
5700
3299
2180
3315
2012
4549
2625
3120
3396
4025
2013
3327
3471
3143
2725
4050
4113
3273
4252
2317
6761
2459
4354
5892
4452
2513
2704
2682
2518
3677
3233
4123
2612
3644
1707
3905
2949
3599
6441
4551
2531
2227
1657
3527
3427
2332
2803
1623
6733
2141
8749
1624
1064
2562
6685
2747
2223
2553
2023
4683
1832
4375
3601
6428
1771
3098
1551
2051
1991
2555
4417
3247
4821
2115
1845
4577
5911
1901
4310
1968
2858
2154
9355
2631
5592
2746
5211
2860
1373
2790
4216
1102
3113
3054
4739
2303
3772
2565
2968
2052
5500
3675
4716
4074
3343
2446
1376
1624
2244
5556
995
4356
2378
2749
2224
2604
2821
1560
5110
1134
7353
3030
4621
4278
2681
2682
3406
4564
7426
2466
2933
3377
4836
4910
3993
2894
1030
4250
1408
2163
3576
2358
3312
5775
8218
1953
3905
1563
5316
2168
930
3430
1955
3388
1623
4073
1958
3878
1462
2442
2355
2019
3700
3957
2300
2003
5003
2637
2904
4159
2152
2541
2287
2885
5833
3392
4086
4149
1835
1616
2464
5246
2987
5840
2459
4148
5103
4296
6165
5354
4121
1891
1759
1568
3401
1978
3758
4434
2731
2388
1058
11601
4691
1525
1697
4896
3502
1529
6585
4142
1881
2501
2875
2386
5664
1983
2267
5271
2021
2560
5649
2178
3290
4504
4336
4157
2690
1377
1287
3298
2720
1965
3593
3336
2856
2190
2141
4411
3230
2822
1833
3075
3650
5943
4476
3824
4170
8880
3084
1443
2668
1601
2393
4864
2102
3426
1250
7231
4534
2928
1905
2772
2080
5364
3514
2959
2373
8284
1765
1896
3581
5060
755
2636
1744
5177
3569
3138
2074
1504
1722
2597
2588
2564
2957
4043
2715
4495
2370
5320
3551
4721
4036
6947
3931
3016
1626
2213
2758
1716
2912
3663
2134
1091
4929
1528
3263
3547
1903
4470
2699
2522
4769
3895
4066
1350
4399
2681
4689
2123
5851
5954
1495
4169
1964
2338
6382
3449
1991
6308
3535
3187
2556
5137
2829
1697
3232
5583
5962
3867
4786
5123
5015
2510
1971
4025
1987
4216
3081
1965
2561
3104
4566
3307
3725
6753
2457
3294
3653
4273
2918
2485
2007
4911
2253
5583
2559
5466
1898
7645
2178
3225
4670
5376
1452
4715
4270
6456
1997
3595
4487
3256
3212
2438
4878
4857
1507
2814
2892
2733
1563
6853
3015
3186
1506
2652
1499
3505
2243
3145
2394
1816
3049
4324
4128
4318
7634
2098
2144
966
6222
3451
1902
6652
2126
1320
3086
1897
2699
3669
2912
3433
3086
4172
6077
6165
3340
1608
2482
9909
5374
2082
3128
3191
1571
2708
1600
1340
1835
7877
3494
1808
5025
3650
4577
1264
2833
4752
3160
6079
2026
2135
4966
15298
2081
924
3268
3738
1179
2947
2341
1648
6087
3610
5248
6584
2519
1570
2721
1196
4499
4934
797
1937
2298
856
2723
1984
2783
8236
3099
2155
5474
2157
5260
1960
3750
2491
7741
5136
2175
3721
1683
6594
1312
4564
3892
1393
2432
2920
6034
4392
1367
1581
5811
5220
3294
2470
2939
2596
7855
3684
5811
2475
3289
4381
2279
6709
1981
4235
3186
1585
2776
1441
1789
2451
2766
2847
2160
1422
4991
2433
9133
3823
2533
1745
3299
2033
3374
5429
3357
2763
1437
1375
3335
3956
2951
2821
3534
4659
1064
2282
3493
2906
3190
2363
2640
3219
1691
3850
2602
1258
4773
6965
1468
2724
8005
1308
5152
3232
3216
4598
5586
1850
4104
15450
4568
2557
4387
5399
2888
3937
5015
5556
2456
3579
2186
1556
2880
5614
1549
4948
3997
3501
3783
1051
992
3000
4468
3495
2800
2194
6667
2443
3144
3887
4587
1750
1866
3005
3682
3617
2987
2252
2467
2007
6248
3553
4103
3067
2150
6586
2525
3060
3241
2514
2804
1977
9713
3661
2968
4353
1732
3252
1746
3256
1514
2870
2307
3006
2243
2871
1799
3158
5025
3806
1379
4590
2738
2440
6616
2445
2473
5033
2725
2841
1823
3650
1959
4996
3712
3286
1012
1838
5781
2049
2881
1437
3454
2830
2044
2786
1351
8212
6052
1450
3060
2237
1970
2970
2640
2172
5043
4740
1858
4711
5432
2711
5338
1758
2199
8450
3493
3523
1300
1856
643
2959
2775
5143
2822
4463
2367
3500
4139
3053
4149
7195
4563
2106
4530
1494
4398
2945
5899
10146
3895
3181
2975
1558
4468
3030
904
3229
3332
1561
5718
5012
1854
4878
4302
1967
613
3381
4800
1474
2643
3167
1627
3302
2344
2141
4209
4583
4213
5319
1446
5452
2133
4228
3172
2545
2215
3401
2398
4271
5279
2833
2263
2195
4304
3955
2470
3231
2889
4938
3667
2159
2246
5394
6459
4398
4840
4617
3981
5962
2471
2600
4824
2751
2637
4564
2738
1112
3100
1993
1507
2232
3522
3842
2772
5349
3138
5488
6274
3901
2179
4091
3105
4321
1477
2927
4379
2468
3960
4336
2286
3273
2865
3356
2130
1716
3239
4151
3295
2791
2897
2479
1745
2704
4643
2738
3696
3789
1846
1929
2330
4525
2276
4564
4644
4599
1692
10138
2165
2326
4416
1323
2992
2752
3017
5904
5950
1451
3750
2890
3875
4171
5469
6082
1982
3327
3531
3057
3279
1797
3138
3389
10530
3527
1753
1143
2999
6667
4822
3694
1792
1214
2668
5406
3531
3870
3055
2214
1261
2405
2302
4945
2241
2140
3208
2555
1654
7218
3267
3844
2648
2676
5097
6641
3066
4431
2720
3622
5195
3830
2687
2526
4881
2081
2050
2423
3032
2738
3358
2414
4501
1614
7149
2355
3482
2104
3329
3105
3615
3116
3774
1663
2420
4453
2463
4399
2234
2583
1932
1577
6125
4249
1943
2582
4037
2386
3104
4256
2346
2156
3304
1901
3230
3897
2464
5404
3212
2193
5912
1894
6477
4014
6645
2903
3271
2116
2692
6556
2985
5785
2331
1498
4339
2579
2341
4703
4407
4553
3020
2962
1268
2167
4038
3473
3321
2719
1114
2134
1145
3519
6041
2138
3626
1716
5547
2788
2867
4018
2220
3180
1940
5972
2801
2266
3328
2592
1828
8454
2328
4157
2122
2353
6257
2085
3587
3389
2079
4763
4508
3451
4137
2905
2278
3469
2409
3580
3300
4375
10774
1893
4042
2936
2452
2303
2404
1834
3068
5721
1522
2384
1681
2723
3176
2344
1611
2421
3392
5239
1983
3799
3020
3734
4255
2894
1908
4584
2144
7312
7330
2854
4152
3387
2351
3453
1317
5699
1275
1779
2920
3738
3118
3165
2824
2665
3612
2787
2509
4014
2774
2180
3934
6831
2401
2122
5114
3666
3671
2014
2953
2638
2918
6436
1350
1558
5904
4625
5450
1254
3638
2301
4714
5564
5643
3680
2639
1810
445
3431
10892
4036
4115
2935
2383
1337
1396
2830
8620
2974
2191
7918
3535
1990
3341
5801
6148
1482
4692
2839
3653
2762
2819
5003
1447
3800
5491
766
4270
4527
2641
2785
4681
3551
3355
2911
5805
1743
3664
2433
5322
1597
1534
2901
1878
1807
2730
1781
1540
3119
3634
2699
3873
3763
1165
6517
2786
4756
2199
6082
4507
5025
2457
1518
2640
10232
1387
5900
2451
2173
1420
3607
6000
4620
5600
2066
7880
1705
2884
1317
2393
2524
1670
2625
1279
2188
3820
3582
3222
11604
1548
4422
3214
6399
2268
3941
4466
3126
2207
2397
7593
5459
676
1979
7330
5729
1267
3819
2646
3172
1833
3093
3946
2392
9200
1421
3441
4345
2574
1838
5011
2378
1440
2310
5513
1887
3712
1581
2980
3410
4335
4248
1382
2633
3105
3053
2899
3428
1600
743
1298
2200
4697
1830
1981
1422
2342
2869
3262
2097
4165
4802
3557
3780
1906
1712
2734
4749
1389
2270
2948
3940
2740
6196
3240
1681
2571
1351
6681
1213
5807
1041
2578
3925
4965
875
2017
3652
3450
1960
2785
1774
2253
5238
2419
4397
3777
1937
1658
5825
4666
973
5867
3459
3466
4014
5193
4709
5856
10734
1721
1084
8832
3076
6193
3415
1889
5744
3294
1662
6551
1972
2081
4132
2400
2332
6057
4850
717
5898
3332
4081
5125
1685
5292
2917
3866
2158
1647
4867
4318
4949
1761
9221
1936
2996
1921
3953
2937
2510
3178
8143
4148
3825
4374
3106
3915
2518
3411
2301
3066
6288
5996
2544
2611
3583
3615
8089
3078
3863
2647
3246
3495
1490
2306
3258
3968
2795
1518
8218
2011
3897
2229
2551
1571
5870
2365
2374
920
4222
4651
3215
3791
2593
4170
8597
3636
2530
2212
6464
5511
7868
1456
2276
3726
4596
3702
6919
6420
4374
2928
2420
2036
2267
4001
4772
3389
2549
5397
2985
5328
4006
2035
4394
4699
2526
2899
1872
1908
4128
2330
2514
1170
3457
2418
3916
1826
3174
2419
4686
3065
1277
1496
4363
3168
3223
1947
1923
1430
4029
3370
3852
1634
2724
2069
3364
3800
4767
6173
2655
4590
4717
6020
3545
2552
2180
3604
4788
5208
2244
4903
5571
2316
2758
2696
2824
4648
2906
3491
2292
7119
2537
2139
2930
7171
6764
4680
3770
2721
2094
3448
815
9524
4591
2657
4398
3640
1489
2139
2071
3368
1861
1900
3513
5045
4491
1049
2886
982
5663
6821
4890
2055
2202
2551
5624
3039
2790
2641
5289
3773
4070
4885
2640
3733
2594
3215
2839
10388
2742
3933
2235
3668
1610
2399
2654
4251
1796
1448
1492
3148
3328
4981
3697
1793
2807
4491
1557
2718
2855
2269
5341
4690
2199
3548
1633
5423
3938
2084
4143
4651
1628
1976
2849
960
4394
1302
3552
2601
2197
1696
2626
4768
4861
5492
2591
3619
2838
1408
2134
1353
3991
763
5722
998
4436
2094
2098
9391
3396
3197
2638
8185
1449
1895
4517
3600
6031
3197
7382
6294
3144
7286
7702
4217
3424
2762
4851
5962
3197
2296
9410
3100
2313
2717
5552
2066
5419
2258
5512
2753
2299
6440
4175
5969
4530
1142
5485
5648
1841
2738
2604
2274
3469
2493
3876
3362
5091
1643
4406
1595
4358
3943
4972
2538
3243
3076
6339
2140
3726
10244
2059
2997
2570
4524
2590
3995
4197
2570
1793
2007
2312
2596
3773
4008
3602
2016
2572
2113
6173
5763
8999
2594
2445
4707
2705
1677
2408
2565
3221
3237
3322
3336
2672
3031
4969
4266
3287
2040
3936
2463
2546
7187
4313
1997
2860
2032
4851
3018
1958
2061
4989
3654
2100
11574
2313
1817
6488
2579
2207
13168
5097
3367
2090
3385
1994
2185
4629
2974
2856
1906
1855
3414
3674
874
803
7279
5787
5175
1764
2741
1493
5038
3190
3284
3673
2902
1767
3729
1005
5958
1258
2004
1829
1486
2535
3554
3576
2362
1529
3243
6891
2102
4249
2608
1947
7314
4615
2887
4809
6025
2128
3750
2325
4833
1529
2710
2586
3957
1716
1854
6054
885
1332
4411
4057
2119
2283
2156
10074
7796
3595
1909
4485
7650
1391
2209
5315
2710
4050
2116
2113
6045
6952
5132
2422
2036
3586
7083
5240
929
1946
3484
1990
3008
2121
1940
3049
3794
4284
4070
4220
2455
2573
4795
5219
3779
2718
836
797
4603
2367
5671
2596
3469
10295
4739
1249
4707
3528
1802
2593
3316
3206
6563
7282
3237
4893
1675
1596
5598
2020
3261
2381
3569
1497
3327
5538
4746
2393
2870
2291
3041
4010
5430
3757
2314
1075
3228
2809
1728
3462
6612
3711
3761
1816
5415
3365
2907
1890
3386
2352
3143
1813
2394
1281
2110
3726
2026
2800
5080
3993
3167
2879
1589
3085
3104
3154
1371
2668
1295
4347
4956
2668
842
4976
2243
5412
2390
9292
3364
2907
1742
3778
3877
4989
2229
5381
3253
2746
3903
3142
1751
6110
1314
9235
3454
3131
4628
1932
1512
1759
3036
3703
2852
2046
4970
1691
3451
4068
1989
2059
2813
2189
1256
3359
2081
5350
1654
7055
6046
1788
3151
3541
4876
3384
3499
3358
1758
4611
3304
3783
761
2699
2289
3214
2407
2546
4587
6822
3260
2793
3226
8314
2702
1380
4366
5079
2921
4146
1806
2599
3634
2057
1432
2581
1893
6757
2265
6877
3919
4284
3399
2700
5795
2660
4413
1559
4533
2494
2773
2641
1914
1442
948
3199
5066
1815
2325
5695
3278
3940
2166
3540
3954
2087
3124
4480
5217
3551
4872
4347
3840
1065
2781
4463
2041
2101
873
1787
3360
9011
2608
2585
1692
2231
2577
2496
3369
2576
2917
3409
7115
5684
2966
10223
2631
4364
3960
7548
2129
3027
3921
1024
2722
1516
2270
2589
2860
1947
5249
3609
1259
1818
2325
1364
2143
6420
1733
2774
1453
3239
3695
2296
4434
5116
4262
4050
2627
4650
3195
1794
2797
9006
2811
4483
5335
9085
4642
4789
3132
3352
2768
4355
2410
2572
1598
6040
1299
2575
3648
1683
3781
3471
4069
1782
1908
3444
4315
4811
4668
2169
5436
6186
3220
2402
3195
1240
3700
3195
3187
3395
2727
971
4797
3479
3274
2809
3983
1609
3913
1716
5864
2124
5819
3795
3784
1379
3214
3332
2893
2844
2290
2608
2519
2951
2744
2293
3694
4429
7641
2858
3903
4516
3679
2088
3275
5115
1621
662
5094
2208
6823
4537
1521
2003
5120
3093
2137
3743
1928
2805
2154
1385
3726
1900
3482
1847
2319
2142
3709
5150
2941
1616
1848
2878
2129
3399
5016
1574
3220
2629
2125
8529
5249
4983
1394
6635
1037
3013
4126
1727
1432
2687
3764
9362
2781
2714
3083
2808
1588
2507
7243
2572
2246
2698
4113
2678
1789
5268
4574
2134
8382
3124
1041
3884
3270
1427
6844
2480
7167
4255
2434
2811
3381
3383
3989
4284
1608
8733
1720
1638
16646
4790
3266
4994
3900
3323
4630
5152
1494
2623
3524
1680
1384
1871
897
2974
3485
7015
2605
3222
2477
1920
2590
3477
4932
2944
3817
1999
8031
3064
4274
6847
1483
3733
3617
3621
2124
10415
1680
3416
1312
3323
2005
2839
2702
2879
1475
5244
4352
4652
2216
3256
7293
1744
4711
7757
2698
2187
1542
4653
3702
4333
1663
3648
3806
4443
2003
3998
5040
2927
2188
978
5097
5840
1581
2641
4926
3370
1644
2367
11957
4316
2307
3919
8015
4779
1914
2394
6503
3568
1911
2229
3370
1890
2171
3316
4294
2381
3110
2726
2001
1106
3087
1560
2831
3233
4689
5658
2618
3920
1457
4588
8302
1950
4200
3780
1309
5030
3064
1915
4347
3481
3987
6038
4323
3785
1935
1150
2251
2190
6700
5153
2997
5896
4222
4100
2262
2647
3684
1456
5037
6268
5130
3501
2148
5702
2048
2986
2839
3066
5672
2254
5657
2717
2179
4518
2627
1594
2636
6960
2838
3593
2421
2809
1788
3033
4152
4540
5802
2134
3425
1613
4469
2495
3335
970
3008
8505
3640
4102
3011
5626
2606
2292
4429
2125
2408
2564
2634
2330
1862
1127
6333
1370
2304
5599
2890
3571
5598
2454
3733
3002
1217
5998
4018
3395
1681
2429
4078
2139
3351
3721
2500
3021
1359
6008
4121
5470
2769
7099
2114
3152
2451
2938
2987
2650
4335
1852
10457
4328
4159
7787
3357
3044
1828
2852
2426
5001
4222
3664
1761
4190
4944
1705
2462
1194
3229
2459
1516
1712
7823
1527
2365
3529
4082
2693
3461
2868
2991
2203
1714
4518
2895
5798
3132
2127
6897
1888
1256
1017
3894
2471
1492
4278
2982
1513
3101
1454
8846
4075
10418
4358
5055
3627
1893
3449
3519
3265
4362
3354
2724
1568
4371
4523
5272
1254
1971
2727
3003
3700
1360
3018
1872
8768
3499
984
5129
6973
2480
7241
1878
2714
3484
3325
4068
7642
3314
1486
4771
2492
4049
1693
3292
2656
3468
3048
8599
6678
2296
8272
2064
5824
2491
816
2415
2685
5347
2778
1166
6402
2043
11909
3025
2557
3109
2060
1845
5042
3070
1480
3715
1472
4581
6071
2740
2715
6735
2133
1582
1923
4998
1441
8216
2156
1924
10016
3900
7302
12181
3744
6836
3220
1968
3143
4371
2507
3065
3736
4456
3977
2037
1954
3039
3499
1127
1153
3111
3004
3722
3298
2057
1723
4365
4164
3534
3149
1799
1707
2303
5689
2521
3974
2831
3465
3548
2169
5225
1367
4254
2395
2572
2079
6223
2977
1638
2047
6284
1567
4054
5683
3496
2776
3210
1945
1645
966
2922
3194
4432
3677
1916
1356
3264
3973
3564
2135
2322
2593
1246
2534
4683
9873
4009
2511
2750
2179
1736
1081
1364
4154
4751
4840
2453
5900
2582
3017
2965
3722
1525
1694
4161
4110
3572
2147
1823
2491
3262
2558
1664
2753
2273
2993
1824
5965
5557
2304
3610
3412
1985
3945
11976
7742
2992
3259
2236
2971
2462
2110
3181
4496
2594
1230
4786
3801
4411
3662
3683
3847
5427
3619
3281
2422
1750
4866
1489
2132
3251
2582
2891
8802
7228
4093
1697
1550
2539
1725
4151
3470
4496
1985
3331
2259
2833
1819
2320
3390
4329
4610
6967
2247
1902
4638
1269
2727
1228
2770
2482
4147
1923
4871
1884
1390
2587
4128
3387
2042
3011
4059
4349
2962
6043
2178
2537
1082
2714
2758
5344
2604
5862
4894
1505
4890
2756
1985
2602
3701
2784
1712
4282
3027
1952
2992
4433
2670
1761
4948
2905
5071
4155
2256
2875
1316
5750
1457
2423
859
1744
1606
4039
2012
3251
6608
2536
2090
1874
3875
3289
8462
3058
1616
13057
2454
2892
2838
3956
4225
6095
2855
4742
2768
10268
2662
6061
4895
1733
3402
3435
4540
3398
2752
4131
3162
3086
4203
3472
1991
2194
2937
3588
3515
1535
2280
3760
1590
3364
3625
5485
8801
1986
1954
2696
4866
4524
4949
1929
8894
2344
1780
5145
1531
3382
2132
4577
5328
10150
2175
1730
3018
2878
2031
3683
3432
1495
6020
3237
2061
2310
4251
1924
3733
1979
2357
3522
5169
2854
3510
2256
3860
2620
3442
2140
2181
7747
3834
4790
2902
6132
10658
4683
2356
3080
1896
1913
3965
3798
3026
1822
2832
2340
4397
3018
1567
7676
3119
2185
5376
1965
3141
4830
1045
4893
4406
1282
2677
1973
1869
2671
3741
2091
3016
3474
3046
3580
2137
3707
2475
2339
1438
3128
1487
4636
3998
7814
5619
1898
1771
4685
1770
13714
3420
1161
3682
1149
4409
6644
5686
2921
1491
4710
2370
2249
4461
1963
2895
3035
2893
1380
3538
1946
2747
3120
3756
4057
2916
5267
1714
4713
3854
2678
3796
2932
3510
2574
5855
4082
972
9193
6170
2911
2297
1327
1275
1375
3775
2318
1147
5170
7040
3814
1794
3209
3525
2889
2665
4399
3206
2165
3780
3803
2897
1402
3296
4474
5408
2148
3159
3963
2269
3812
8920
3929
2422
3756
3487
2248
3717
4254
2260
3420
3058
3086
1406
3776
1508
4445
2155
3005
3334
924
1394
4013
5595
774
2052
2269
2734
5177
2909
3116
5794
2733
1435
3349
4054
2467
4551
2730
5802
4118
1762
7837
2966
3530
7737
3767
3218
2937
3681
3467
2985
5136
9485
1749
2771
8118
1363
3615
5236
2045
4874
1007
3439
3292
1787
2072
4328
1527
2702
4706
2137
1959
2980
5569
2945
3128
1687
2126
3123
2567
2845
4389
2451
5458
6290
5577
3824
3927
6043
4217
4716
5444
1947
3130
2136
2365
3286
2477
2158
4844
844
821
3949
7000
1230
1919
6581
2254
5620
3904
2522
7202
2160
4385
789
3524
2965
2921
2560
1699
3224
3136
1368
1848
7037
3062
1418
944
4013
3047
3678
10641
3720
8214
2897
3070
658
2153
2226
2374
4075
4328
6015
2440
2091
5489
1629
3280
2404
4595
2669
2728
3968
4994
3956
1613
1317
4405
3341
2167
2789
537
6107
2751
3298
4998
2065
3718
3966
8380
3046
1449
2088
2789
4073
3168
3005
3471
798
4588
3880
7033
1840
1582
2408
6183
3538
2708
2628
3733
3166
1896
3213
4926
2814
5258
1912
2229
3260
3037
2244
1928
1239
4961
11039
1573
6796
3231
3949
4174
1199
6669
2044
2606
1860
8488
3874
3359
6020
2550
2298
1446
1623
1555
5244
2150
1959
849
3738
11186
3041
2716
3080
9130
1071
2093
2774
3947
1873
2923
2425
1697
3747
1929
3722
3610
2083
1925
3909
1651
3088
5876
5653
8683
7248
1987
4477
2212
3291
3837
3278
5875
2800
1843
3429
2208
3149
3602
1860
3204
2027
1456
3843
1958
4972
3517
5610
3130
1108
2684
3691
1580
5309
2480
5697
1699
2189
3794
608
1470
3625
4371
1306
4733
2510
2965
4333
4756
3087
4220
3916
2555
1230
989
3167
4150
1531
6483
4361
3189
1358
2990
11871
1255
2417
4738
2215
2826
2704
6671
4494
6836
4121
3879
1296
1441
1924
3955
1443
8124
1664
1676
2091
4922
2284
4818
870
3521
2647
5393
2543
4450
5016
1833
3814
3720
1992
3638
3563
2727
5518
3030
1862
5628
3313
3466
5680
4573
3916
2235
3952
1301
5992
2193
2576
2081
3499
5660
1858
2628
5012
1975
3566
4338
1191
2038
2067
2576
2634
2333
2163
1723
6040
3085
2512
2326
1602
1175
3333
2199
2851
3594
1837
2576
5053
2593
4058
1704
6086
2532
2159
3299
913
4800
4476
1647
3677
3167
3042
1398
2067
2500
3263
3956
3129
2143
3379
1915
2993
2213
2026
3152
4464
4924
2049
2286
4635
944
6698
2568
3612
4532
8745
2415
3758
5201
1996
1784
8774
3997
555
3282
1726
3995
1772
6029
6411
2328
5075
3569
3464
4097
6182
2391
4974
1496
2289
2789
5295
1700
2877
4004
1298
4639
3382
1605
3035
2289
2659
3493
3881
1134
4907
4320
1847
4327
1181
6594
3407
2498
5921
4154
2858
1135
4817
2427
2062
4723
3268
2784
5160
4204
4074
2693
1451
2186
3668
2713
5799
2327
4366
2698
4364
3594
2765
1545
1087
2982
1566
3084
1394
1727
4639
1637
7048
3271
1586
2048
1156
2332
5736
2483
1656
8084
2643
3611
2805
6041
7407
6659
4297
3454
2435
6001
4632
1215
8125
2471
1981
3350
4434
1354
2869
2917
4357
4257
2247
1978
5350
2115
1975
5073
2203
2842
3046
7772
3697
3355
2525
1724
1108
2572
2410
2445
4353
2208
1748
3010
2210
4666
3177
1612
3692
5137
2331
1279
4142
6364
2717
2791
3528
1832
5545
1327
2468
2918
4108
3917
3832
1362
2816
3398
3321
4754
2783
1898
2579
6043
6119
4722
1475
4734
1683
2655
2863
1916
1668
7360
4376
5213
2990
3813
3326
2558
1098
2119
2332
2234
3013
4346
4507
1902
5554
6302
8804
5392
6468
2444
1823
2305
7236
5062
5345
1995
1910
2664
2888
6214
1186
2952
1641
4095
8858
3236
3634
1904
6483
5493
3574
1410
2731
2015
1046
1295
7048
3296
3758
3356
2867
4192
1643
1165
2305
3918
2166
1360
2966
4138
4065
6604
5556
2009
2512
1867
3677
2343
4562
3128
3434
2541
3588
2219
5679
2309
6030
1295
3031
5858
4502
2294
1203
2008
13668
4160
3518
4217
3039
2735
6023
1485
3475
2646
4009
1229
2332
5115
2349
3524
4045
3120
2384
3501
5150
3476
1474
8606
953
2720
2312
2978
3060
3414
3661
7965
3401
2891
1950
1979
5471
3115
2578
4725
4683
3297
5030
4191
2739
7842
3232
3884
1594
4410
3716
1443
3333
2496
2840
1838
4718
2253
2874
1798
5671
1740
3348
2651
3028
3424
3963
4915
2835
2647
1950
3922
2245
6071
2339
3161
1858
3866
1796
3157
3965
2192
1381
5700
3597
7865
2935
1411
5405
1687
5760
2868
5121
4340
3130
5158
1843
2395
1967
4708
5444
3356
1521
3316
3593
3699
1947
2766
3286
3756
2365
3050
4722
3555
1953
3599
2880
2335
3811
663
2465
3776
1966
1797
2243
6679
1741
3321
1857
4384
4771
5549
2583
3437
1959
2243
4488
2947
3566
9459
1755
3864
7117
1894
3269
4469
2258
4914
5237
2088
1693
4005
3553
3269
8004
6764
2054
3230
2359
5464
5259
2765
5595
3282
9007
1888
4204
4907
1710
2565
3693
1738
1443
3970
2835
2419
2687
3481
4616
1586
984
2018
3338
3079
8577
2134
5121
3122
4234
2256
7031
4659
3205
2636
6189
2574
2257
1550
2407
4292
1979
2706
1720
2784
5464
1280
2613
4534
6421
3171
3029
1448
2341
3964
2602
6873
2232
7697
1134
3078
5506
2480
3483
5530
2557
3782
5032
2159
4473
2510
3965
2932
4051
1137
2011
2953
11939
3945
5182
2970
1931
3685
2528
2081
2714
3685
4470
9630
2537
1990
2525
3760
4790
4720
5279
1717
2020
2736
6102
2499
2564
2701
1908
2815
6185
4078
4928
2762
1562
4248
2153
8595
1588
3344
3511
2992
2782
2231
4468
3314
3883
6744
3901
3802
2077
3821
1135
890
3537
1715
2346
3287
1414
1111
1638
5806
4537
4105
1523
13663
8594
1734
2679
1946
6412
5708
2977
4711
1730
4179
6617
2651
3583
2881
2699
4053
2635
4584
4672
3107
5615
5890
2660
1707
3156
1271
3188
4361
2192
1595
2606
2994
3536
2171
1626
1408
2721
2689
1914
1738
3072
5022
6040
5336
2293
4463
5158
5646
1500
5357
3620
4397
4556
3180
2408
3030
2869
3496
7073
2137
6907
2562
5307
9107
3349
5281
2765
3171
1739
8508
2595
9263
3374
2090
2543
6211
2330
5593
3075
2603
4424
1971
3146
5155
4847
5952
9381
2253
4686
2173
3175
3316
1771
3179
4769
1532
4882
1319
3670
3932
3275
1664
7119
4072
2911
5541
1841
2775
2775
6292
5527
3758
2959
1700
6358
2386
4066
5373
2352
815
4239
2740
9084
5519
2232
3744
6226
2792
8202
2492
994
5227
5042
2220
6487
5785
4591
3024
5676
1938
4541
1916
4723
4866
1744
3222
1897
3033
6058
9421
3786
3989
2144
5040
2398
1924
3203
1433
4165
5446
6337
3213
3216
3880
1183
5255
4741
1902
3957
3184
6318
5013
2707
2306
5350
3279
2057
1930
1678
1817
5828
6179
1931
4434
1710
4124
1033
3371
4197
2069
4030
5468
1074
2096
3827
9784
1289
2960
2676
4034
2598
1985
2544
2085
3448
2879
5934
5104
3575
2610
1449
3525
8035
5245
2441
2729
2744
9779
1676
4713
6697
4164
2722
1348
1767
1123
3289
1310
2323
2131
2852
2081
1296
4978
2259
3484
3820
4724
1710
1088
3667
1844
4031
5366
5182
2072
6100
2820
1708
1913
2238
2332
2798
2486
4213
4530
2596
3467
2754
7920
1317
2040
4665
3108
1490
2044
4198
6082
4034
1346
1557
2996
3410
2413
1492
1910
3479
2690
5086
1729
6472
2335
2546
1074
2771
3384
6329
2523
10501
3857
3283
1718
6515
2234
925
6125
2380
3698
1732
2398
1354
2674
3496
3190
3383
2045
3992
2584
2319
2173
3221
1766
5628
1714
3046
2084
3640
4648
2165
8394
3273
2729
1525
4848
2529
2645
3425
7655
5123
3641
3446
3342
4026
1692
1576
1491
2125
8301
2991
2932
4732
4158
1282
2745
4179
3943
4005
9537
4515
1982
2458
3261
1735
2256
1806
13794
1640
1463
9625
2111
1677
2933
3924
2580
3669
1822
4724
7523
2219
2125
4421
2817
1070
2971
4304
2226
1364
3117
2169
3016
3655
1487
5141
2085
2728
9261
2518
2962
4543
4092
2720
3581
2813
2591
3463
2323
8045
3436
3016
3929
2903
1185
1868
4831
4443
2416
6117
1629
1909
4920
2931
954
2209
2038
10746
2580
1956
2519
2977
7876
2516
2182
3712
3818
1826
3402
3187
1748
3238
5181
1197
9969
2486
2139
5975
4969
2290
2578
1126
5425
3551
2030
1298
2316
1263
1006
1923
2028
3229
3068
3144
2533
2761
2184
2204
1060
3020
3873
3020
2481
3062
1269
3846
4108
3360
3611
2735
5659
1101
3189
5807
5282
6448
3105
6965
1701
3272
1606
3249
2758
3902
4507
2203
1846
3290
3100
5024
3382
1571
4183
3733
4372
3767
10860
1645
3243
3823
2970
11675
3034
2673
6070
3952
1634
4506
3497
3111
3853
2351
2513
2524
5137
1806
10984
9084
2059
3709
2126
3210
2472
3487
3103
1766
6079
1775
2348
1437
2698
1662
4428
1195
2525
2632
4961
2332
2523
2744
1728
3412
2627
3555
3695
1999
2947
3274
5924
1899
6057
2763
1623
2501
2351
2363
5662
4107
2169
2233
834
3528
6981
3867
6542
3418
5931
1788
3778
1436
4128
4878
1479
3069
2712
4558
2800
2579
4032
6164
2235
2593
4509
4277
1748
3026
4643
5020
6590
1272
3591
4236
2450
3119
2943
2142
3561
3788
2202
4044
2684
2213
1095
3925
5193
4362
1743
4609
7060
3903
5537
1978
2970
1787
3649
1889
5942
3172
1721
2886
2762
1248
5441
2336
4424
1392
1836
2151
4678
4850
1787
8947
2783
2017
4195
2047
4064
2879
2610
4865
2119
3202
4740
4916
1472
4170
2529
3921
2616
1339
2317
4439
1832
5636
3907
2156
4133
1471
3445
5519
1401
2271
3977
2549
3570
2543
2072
1450
3059
1342
2872
2066
1533
6219
3426
905
2850
4136
5970
1697
1052
4694
3909
2375
3267
2977
2719
1707
3262
4846
1303
1960
1737
4067
2561
2806
2018
2216
1567
3165
2088
2799
2940
3018
3849
2041
3020
3230
2280
4958
4906
5067
1584
8864
3773
2375
984
2511
1648
2204
8765
2046
1052
5424
2428
3189
5345
2594
4443
6074
2187
2109
4364
1891
2622
2682
1711
3021
7485
3602
3020
854
1374
2399
1225
4273
1347
1326
4716
3626
2668
8807
8270
2105
3196
2617
4300
2905
2084
2713
2310
1481
1106
3279
1866
1937
2529
1048
929
4819
3843
3441
3480
2990
2260
1668
6111
1498
7324
2759
5894
2403
6429
2724
3270
3026
2817
1615
2591
2879
2337
2950
8375
3602
2021
3596
6686
2504
1540
3586
4416
1330
3186
3049
3060
2841
3449
3363
4605
2590
1434
2348
2310
2033
6725
3878
4641
2694
1660
2571
2222
2598
1939
2147
2014
5620
1538
4867
1930
1658
2044
2057
2541
1108
1771
804
3130
2518
2493
4278
3845
2894
2971
1677
3002
2219
1194
7861
3696
1050
3644
3219
1602
3343
4631
2244
1877
3965
4161
1139
4745
3153
4043
3885
3999
2729
4463
3618
4306
4499
3599
3533
5396
6820
3143
2167
2325
8064
4226
5593
1798
1078
1535
2639
1723
3941
4278
9261
3322
3172
3120
2792
8776
1450
4989
2786
2402
3052
6105
1867
3063
6763
3253
4162
6275
3377
2099
3993
4413
790
2719
2833
2707
5409
4081
3991
2046
1994
4787
3644
2702
5824
1848
14199
1572
2952
2098
5318
2484
2699
4016
5901
1364
6566
2058
3347
5694
1920
4449
5093
3500
2044
2924
3985
971
4879
1769
3004
3792
2306
1878
7505
6035
2277
1840
3788
5820
4012
4515
4862
4715
4398
5210
2725
3746
2553
5525
2400
2912
2986
1483
1464
3043
5926
3426
3543
3127
3479
1121
7604
1795
5742
3348
1981
4793
2856
5824
2371
3151
1513
3349
5087
2253
3192
4723
8705
1852
2127
1622
3054
1101
5354
3787
3098
2708
2182
2105
1853
2785
2722
2103
3790
2786
1189
6075
2726
1160
3060
2000
4535
2760
1964
3458
3525
4183
1552
2124
2483
1988
2412
3636
5100
3176
1273
2102
6549
1236
3128
2594
4038
1210
2577
5436
1486
5254
4036
2736
5232
2105
3018
7218
5518
3659
3852
1656
2596
3628
3153
2254
2105
1623
3144
2905
2671
1989
1055
1479
5413
2389
2287
3693
3357
2583
4033
1910
2376
2885
4736
6214
2218
1717
4031
2485
4191
7380
3516
3952
5972
2383
5588
4445
4045
1983
2709
3216
2816
3207
1819
3179
2578
2976
836
2394
3609
2975
3740
3781
1463
4814
1794
4492
3996
1776
2947
1671
3544
3445
2936
942
2965
1280
4306
2796
4339
8357
4067
5886
4795
9175
2296
3738
2275
2038
2627
2217
2791
2907
3704
2523
1602
5350
4207
2092
3068
1728
5829
3265
5307
3444
4867
2595
3158
6040
1824
4735
3640
2474
1342
2295
9986
2446
5479
3292
2045
2621
3110
3028
4159
3116
2862
2223
3548
4498
1632
4270
2449
2100
2556
2688
4740
5113
4742
2165
3224
3696
988
1102
2437
2058
1517
3260
4974
2904
2314
4135
4396
3147
1796
3428
3910
1867
2801
5057
4323
6069
2179
3570
1483
4124
8834
3469
1980
1179
2281
979
4290
3692
1862
1588
1722
5154
963
3089
7113
2705
1347
2498
2371
2114
3675
2030
1743
2922
3115
2306
1997
9945
5602
1862
3318
3399
6107
1839
5426
1738
1671
1725
1687
1690
3035
1535
1096
3051
1790
3225
7456
2211
5414
2121
4165
2369
2900
2768
5783
3740
6812
3030
4469
1928
1995
6565
3645
2201
4008
2805
3421
5768
4089
4052
1762
7396
3581
4901
3966
3769
1314
8058
3554
2595
1991
1171
3842
6900
2707
4279
7069
4170
1920
4803
6066
1535
1621
2730
2114
1234
1719
2140
6152
3744
1715
4134
1531
4285
7781
2484
1646
4364
3136
1486
2743
3076
2977
1751
9878
1184
2734
2971
1225
2338
5752
6495
883
2547
5930
3554
4380
2178
2721
2388
6483
5290
7117
4549
1800
4032
3740
4277
5658
3854
2521
2752
4469
4866
1148
3421
2897
2686
7752
1034
3861
4171
2117
2052
1494
2481
3091
1952
1605
4731
4724
3421
6763
1913
5284
5779
2142
1306
10047
2385
3485
2922
3030
2935
5085
899
7765
5624
2409
7199
4970
2503
6618
2204
3429
3340
6269
2205
3044
2117
3163
2902
2432
2827
1651
2558
4172
1533
6942
4331
2169
4861
1442
2688
2025
4129
1946
3413
3374
1113
2006
2946
1879
2657
3583
1007
2106
3517
3720
1856
3124
3713
11796
2363
3742
1844
6082
3831
2214
1075
5824
3470
2891
4868
2595
1627
3756
4959
3445
2365
2761
1953
2258
3423
3684
3613
3155
2314
2357
2253
3194
5141
6730
4549
4227
2595
1174
3567
1462
3180
1787
4226
2430
4974
4828
3364
3988
