13971
13727
14089
13611
14052
14013
14088
14003
14161
13677
13976
13969
14085
13986
13838
13949
13937
13786
14054
13870
14160
14106
13905
13632
14182
14068
14080
13750
13695
14012
14053
14137
13604
14175
13942
14155
14053
14055
13863
13620
13676
13702
13787
13840
14071
13962
13606
14020
14118
13854
14024
13991
13819
13755
13675
13676
13739
13845
13834
13739
14046
13823
13986
13752
13934
14058
13715
13838
13739
13918
14140
13740
13666
14098
14058
13982
13911
13915
13933
13641
13752
13754
14130
13826
13637
13652
13710
13788
13900
13644
13941
13851
14132
13856
13889
13700
13871
13789
13762
13692
13751
13915
14004
13827
14157
13729
13835
13761
13856
13825
13839
13853
13945
13806
13781
13964
13974
13900
13893
13886
13909
13835
13693
13764
13823
13808
13957
13886
13857
13771
13897
13878
13898
13896
13786
13841
13634
13798
13889
13817
13863
13758
13829
13681
13877
13829
13800
13882
13801
13858
13995
13768
13892
13877
13869
13865
13765
13878
13772
13711
13854
14146
13795
13874
13816
13757
13960
13822
13773
13798
13714
13879
13912
13854
13867
13861
13901
13883
13839
13885
13815
13927
13877
13912
13897
13894
13870
13844
13899
13880
13912
13927
13907
13910
13875
13974
13957
13791
13766
13908
13909
13889
13726
13886
13828
13959
13964
13874
13964
13903
13660
13853
13832
13871
13830
13800
13795
13864
13787
13864
13763
13839
13898
13753
13653
13794
13921
13885
13913
13803
13857
13889
13914
13891
13984
13859
13836
13881
13821
13916
13889
13854
13860
13764
13765
13926
13728
13905
13861
13794
13892
13923
13799
13937
13984
13904
13763
13764
13721
13958
13885
13896
13845
13825
13928
13870
13969
13832
13916
13853
13879
13897
13871
13907
13847
13874
13881
13924
13795
13859
13752
13851
13828
13844
13789
13805
13926
13832
13792
13916
13825
13889
13886
13800
13848
13842
13874
13948
13941
13911
13793
13981
13913
13820
13911
13910
13856
13800
13864
13955
13908
13927
13906
13827
13908
13811
13843
13853
13919
13823
13837
13789
13847
13978
13906
13965
13876
13877
13857
13953
13834
13932
14010
14049
14003
13924
13948
13916
13879
13945
13848
13907
13962
13966
13823
13861
13825
13791
13833
13793
13777
13743
14030
13932
13882
14177
13743
14171
13973
13817
13929
13613
13986
13923
13911
13998
13952
13875
13959
13908
13929
13905
13964
13945
13974
13962
13951
13947
13960
13788
14010
13634
13923
14050
13975
13996
13982
13994
14008
13929
13889
13936
13979
13914
13998
13934
14021
13974
14047
14060
14066
14057
13983
13864
13932
13928
13915
13897
13906
14002
14018
13980
13959
13926
13868
13949
13803
13979
13971
13953
13912
13930
13855
13941
14079
13938
13897
13962
13753
13959
13923
13755
13887
13905
13908
13934
14002
13860
13890
13924
13949
13915
13878
13952
13979
13861
13935
13921
13911
13983
13909
13990
13963
13871
13969
13810
13904
13964
13934
13910
13872
13815
13949
13915
13759
13924
13962
13922
13971
14006
13913
13932
13971
13973
13876
13840
13892
13973
13908
13975
13959
13895
13842
13932
13882
13833
13959
13931
14030
13860
13841
13842
13912
13954
13701
13990
13942
13940
13994
13937
13925
13898
13999
13961
13889
13860
13902
13973
13988
13976
13990
13985
14130
13670
13993
13930
13874
13986
13741
13951
13995
13928
13938
14006
13941
13955
13770
13734
13951
13988
13966
14057
13915
13923
13784
13952
13959
13930
13924
14005
13993
14031
13910
14118
13920
14159
13648
14083
13958
13974
13998
14176
14004
13954
13911
13970
13952
13976
13970
14050
13970
14021
14024
13717
13680
13984
13957
13846
14008
13963
13972
13876
13908
13993
13935
13935
13988
13933
13972
13973
13877
14028
13998
14005
13952
13989
13928
13959
13957
13959
13894
14029
13958
13949
13918
14029
13939
14028
13957
13989
14029
13975
14016
13837
13933
13959
13912
13978
13954
13972
13812
14023
13911
13932
13926
13968
13992
13986
13913
13962
13951
13866
13983
13903
13943
13989
13955
13991
13933
13831
13945
13922
13901
13984
13984
13966
13857
14005
13833
14000
13930
13914
13924
13877
13984
13978
13985
14007
14033
13879
14089
14047
14138
13740
14048
13955
13956
13858
13933
13764
13953
13985
13828
13902
13913
13983
13991
13623
14198
13981
13888
13969
13978
13962
13933
13926
13958
13957
13952
14014
13970
13925
13869
13963
13759
13934
13936
13653
13823
13986
14016
13963
13942
13966
13985
13963
13843
13944
13865
13915
13996
13918
13845
13956
13819
13900
14004
13955
14009
13916
13990
13926
13994
13998
14004
14003
13887
13990
13805
13811
13946
13882
14023
13753
13979
13955
13933
13935
13918
13955
13955
13994
14000
13973
13958
13980
13874
13954
13898
13966
13994
13994
13924
14005
13975
13974
13998
13838
13921
13923
13926
13874
13622
13914
13942
14003
13858
13913
13953
13982
13924
13964
13963
14182
14047
13891
13611
13609
13987
13962
13921
13933
13930
13936
13985
14003
13943
14177
13662
13986
13738
13948
13925
14005
13942
13934
13954
13921
14005
13936
13933
14023
13993
14020
13972
13919
13969
13906
13972
13944
13930
14011
13954
13995
13962
13962
13665
13997
14005
13954
13980
13915
13718
13983
13975
14016
13952
13914
13960
14027
13955
14025
14019
13952
13965
13969
13990
13987
13996
13925
14000
13932
13960
13999
14045
13965
13996
13969
13863
14004
13981
13996
14006
13783
13962
13935
13977
13899
13863
13979
13994
14049
14082
14058
13998
13995
13923
14044
13933
14023
13965
13657
14032
13976
13958
14022
13862
14018
13942
14062
13945
13930
13989
13942
13966
13946
13906
13892
13995
14022
13904
13999
13913
13931
13600
13807
13981
14194
13930
13918
13951
13911
14010
13972
13996
13946
13962
14011
13890
13944
14003
14049
13971
14106
14063
14009
13949
14009
14018
14009
13969
13971
13988
14001
14031
13973
13957
13923
13989
13978
13914
13965
13958
13882
13959
13887
13995
13955
13936
13908
13969
13940
13882
13953
13972
13969
13926
14103
13927
14033
14058
13735
14071
14050
13636
13819
13927
14052
13912
13964
13960
13969
13727
13726
13654
13700
13992
13880
14191
14051
14006
13642
14008
14126
14180
13969
14158
14124
14043
13953
14000
14004
13920
14132
13940
14092
14184
13808
14017
14170
14144
13629
14129
13821
13600
13653
13936
14061
14002
14103
13989
13924
13993
14048
13978
13980
13926
13984
13977
13946
13936
13959
13907
13940
13937
13971
13955
13804
13688
13635
13713
13620
13717
13890
13822
13744
13806
13727
13619
13604
13829
13696
14018
13933
13840
13755
13801
13961
13742
13733
14161
13729
13644
13901
13937
14137
13757
13668
13762
13686
13755
13856
13605
13621
13608
13686
14149
13714
13756
13804
14090
13946
14083
14067
13734
13742
14050
14190
14011
14159
14014
13988
13970
13831
13871
13935
13757
13921
14124
13716
14095
14098
14016
13991
13685
13685
13685
13685
14024
14005
14193
13795
14170
13800
14035
13812
13699
13802
13785
13670
13798
13876
13673
13743
13852
13648
13918
14158
14194
14125
13921
14185
13714
13807
