628
1302
1302
1269
1269
1267
1267
1267
1265
1266
1266
1266
1265
1265
1267
1266
1267
1267
1266
1266
1266
1267
1266
1267
1266
308
5032
41299
634
1267
1311
9246
18144
17964
989
1245
1276
1270
9751
42544
42517
629
42530
626
314
1318
1312
635
618
623
9973
9951
10019
10096
9943
9946
40792
9973
10104
10067
9981
10039
10078
10024
9980
10166
2608
1974
409
1289
558
9920
5202
24816
629
1238
4997
5126
5098
319
330
5128
648
2510
1304
573
12318
619
2581
2573
4976
2524
328
1624
5325
5170
5108
5329
39686
10594
1267
5192
4980
5217
5055
5319
5242
10002
1333
1314
10597
5216
10649
10608
5291
5119
2479
2547
937
10544
961
5079
3862
957
991
938
965
992
987
969
967
963
960
958
953
951
947
943
941
979
5097
2597
2479
9866
2488
2473
2526
2435
10019
643
1307
1271
646
3930
2409
2417
2397
2399
4673
975
984
1245
1280
316
974
1231
1247
961
2620
2533
20639
9997
962
947
42160
20928
10207
10204
9995
309
1290
10145
20334
326
315
9996
9561
1276
1907
2547
3708
623
2569
10382
20242
1939
2575
19906
41937
19887
479
479
478
478
478
478
478
477
490
490
14889
618
4656
1270
619
618
41748
5290
622
39994
9992
617
1291
621
19702
632
579
573
1097
566
10661
40007
573
572
10141
10499
9850
4954
10098
5030
40788
40584
1254
1259
1244
42106
42064
42159
39994
19981
20243
19820
18676
29984
2519
618
10328
20333
40010
3933
333
325
5128
1256
1295
1307
1329
15423
2575
2642
316
21021
20881
41186
2543
2654
328
2582
20030
2574
39998
40109
7479
2473
40017
10408
2404
40018
2592
40217
2416
2396
2426
40651
3840
2536
310
2008
40835
40206
4118
41606
5141
10036
7416
7548
2524
1931
10004
10012
3693
10004
10022
10013
2541
2574
2460
2641
2619
2530
2473
2531
630
619
2431
2431
2573
42216
3861
3778
20364
20652
2648
20838
5119
2584
7897
2604
2562
40311
321
326
627
328
18071
41814
319
20165
10436
5278
1283
1318
2650
40660
42129
39874
41093
39488
2481
2410
2420
2511
2565
2461
40847
2565
5173
1308
2668
6862
2654
1330
576
1259
569
10325
10042
25000
10357
40704
40477
10510
322
1246
10005
1698
10001
20399
37423
41851
20943
20031
654
661
643
667
662
654
651
622
638
630
625
616
617
616
10343
9909
308
656
318
617
640
635
662
657
665
1231
20015
628
631
629
633
629
635
626
629
638
629
629
635
628
639
629
628
626
638
635
629
636
634
628
638
665
627
649
628
628
636
629
627
633
628
630
628
628
629
628
634
628
630
632
632
628
644
640
634
663
635
637
631
636
631
630
632
631
635
630
641
637
637
630
646
637
629
630
628
634
630
630
629
647
635
630
661
635
629
629
629
628
630
642
628
630
637
630
636
639
629
636
629
636
630
630
632
630
628
627
629
628
631
628
629
628
629
628
640
631
630
629
631
627
631
629
630
630
640
637
9404
646
637
40377
630
630
641
629
646
653
639
630
649
634
645
631
630
632
629
630
638
644
644
644
632
642
640
639
640
651
640
640
640
639
638
642
637
636
635
635
634
633
637
645
644
639
631
636
632
637
631
636
630
636
630
638
40104
639
630
630
629
639
631
631
645
635
633
629
639
644
632
632
631
630
634
639
631
629
646
634
629
630
630
630
630
629
630
629
630
629
650
634
629
630
631
629
629
632
646
629
632
628
642
645
627
639
629
643
629
640
636
647
645
646
644
647
637
647
641
631
631
637
631
631
639
644
638
652
627
643
631
637
648
642
650
648
628
643
627
647
647
628
632
645
644
630
629
639
640
644
643
5090
630
644
637
630
636
629
635
630
636
630
646
631
646
641
630
641
631
636
629
647
637
630
647
638
632
647
644
644
40562
647
646
637
646
629
645
638
648
631
629
637
638
636
631
630
638
631
638
631
631
630
645
638
630
636
637
630
637
630
643
639
631
630
630
630
631
631
637
629
631
631
629
631
631
635
635
636
630
635
636
638
637
2539
2612
621
629
40459
619
621
329
620
2533
4967
40514
40383
3697
3796
40398
4378
4354
2614
7687
2566
39969
2427
1303
1300
1295
1302
1287
1289
1272
1292
1273
2420
7521
2536
2569
2488
618
624
616
625
623
319
312
41771
20040
20039
1252
20035
974
1312
15347
20031
2407
2404
2500
2564
2454
20013
20035
15567
4544
20901
20841
20880
20638
20823
20821
20794
20635
20786
20802
19929
4414
20011
20011
20031
2546
20024
20024
20038
19770
20018
1918
20014
20037
398
639
20015
20015
20026
20019
5054
4966
663
1245
20030
20031
20040
20037
20028
20044
814
5208
5156
5154
5194
5178
5174
5173
5096
5124
5121
5045
653
20020
20039
20034
20033
20037
20035
1893
2656
1320
2660
10266
2402
2416
39554
2576
20221
20310
20439
20267
20445
20392
20316
20220
20164
20325
20144
5248
19978
2515
2570
2577
20035
2502
39567
20021
1327
19933
2629
41913
42361
42177
42215
42344
42115
42338
42158
42466
42272
42119
42487
42273
42095
42463
42271
5310
309
2407
2464
2411
3996
622
332
41881
5333
41885
2500
2623
2651
2561
2457
3791
42592
41948
1255
1213
1210
1212
1212
1213
1213
1212
1211
1210
1213
1212
1212
1212
1217
1216
1213
1213
1212
1213
1213
1213
1212
1212
1212
1212
1213
1213
1212
1242
1162
1189
