3596
3295
3467
3044
3044
3043
3588
3510
3232
3020
3290
3178
3583
3032
3197
3197
3304
3585
3018
3190
3002
3213
3107
3531
3228
3554
3510
3599
3588
3577
3589
3591
3597
3579
3578
3577
3575
3584
3400
3377
3042
3599
3593
3572
3578
3594
3461
3596
3596
3073
3003
3570
3585
3597
3300
3385
3270
3596
3544
3141
3592
3374
3066
3593
3228
3591
3570
3434
3587
3506
3377
3215
3322
3056
3228
3584
3586
3593
3595
3576
3274
3185
3185
3300
3456
3456
3133
3188
3156
3283
3408
3204
3571
3584
3209
3500
3189
3587
3254
3590
3516
3087
3005
3440
3011
3570
3570
3570
3570
3572
3572
3573
3573
3573
3573
3571
3584
3584
3584
3584
3584
3584
3584
3584
3584
3575
3575
3575
3575
3575
3575
3575
3575
3576
3576
3576
3576
3575
3575
3575
3576
3576
3575
3575
3586
3585
3585
3585
3586
3585
3596
3571
3571
3571
3597
3597
3597
3597
3597
3597
3597
3596
3596
3596
3014
3596
3596
3416
3168
3561
3595
3595
3595
3595
3595
3595
3595
3595
3595
3595
3595
3595
3595
3596
3595
3595
3595
3594
3594
3594
3034
3245
3574
3574
3583
3592
3579
3133
3290
3287
3591
3576
3510
3522
3514
3585
3585
3340
3585
3029
3189
3517
3516
3581
3573
3572
3576
3490
3110
3534
3533
3527
3554
3554
3580
3538
3537
3536
3075
3036
3583
3595
3583
3599
3526
3261
3517
3572
3539
3579
3043
3145
3583
3592
3251
3334
3158
3399
3578
3593
3434
3344
3585
3218
3380
3229
3241
3362
3475
3210
3282
3519
3344
3022
3579
3575
3576
3597
3007
3220
3576
3588
3004
3574
3599
3587
3139
3038
3581
3241
3467
3347
3370
3582
3580
3571
3584
3434
3132
3131
3245
3545
3598
3445
3247
3326
3179
3218
3385
3311
3307
3308
3573
3486
3165
3198
3591
3583
3178
3577
3583
3583
3597
3548
3321
3265
3592
3579
3459
3312
3319
3304
3304
3093
3425
3409
3349
3395
3367
3323
3570
3582
3583
3582
3584
3594
3573
3127
3222
3223
3099
3035
3596
3592
3598
3299
3547
3030
3395
3195
3417
3293
3412
3580
3476
3381
3577
3079
3586
3581
3143
3590
3597
3329
3321
3540
3589
3586
3137
3593
3400
3578
3575
3579
3095
3001
3162
3594
3595
3594
3594
3593
3593
3592
3592
3592
3378
3582
3580
3541
3179
3158
3571
3585
3598
3592
3068
3214
3281
3533
3582
3137
3122
3577
3598
3223
3183
3075
3525
3586
3584
3254
3124
3580
3580
3571
3069
3196
3595
3207
3184
3185
3250
3178
3590
3513
3585
3585
3585
3585
3584
3584
3584
3584
3584
3584
3584
3584
3584
3576
3576
3576
3576
3576
3576
3576
3576
3576
3576
3576
3576
3576
3576
3576
3576
3576
3576
3576
3576
3598
3570
3586
3577
3083
3574
3586
3584
3577
3569
3566
3331
3572
3589
3588
3573
3080
3402
3594
3593
3170
3396
3576
3597
3596
3212
3240
3211
3188
3394
3345
3192
3385
3545
3484
3579
3579
3152
3579
3579
3526
3563
3169
3148
3345
3599
3350
3443
3449
3364
3501
3570
3576
3266
3476
3583
3584
3584
3585
3585
3063
3365
3074
3573
3583
3587
3180
3297
3584
3579
3578
3514
3600
3594
3594
3038
3600
3409
3586
3552
3252
3097
3591
3597
3082
3583
3583
3583
3583
3577
3571
3587
3579
3578
3593
3012
3469
3483
3446
3493
3056
3584
3342
3357
3585
3591
3278
3469
3566
3000
3060
3349
3420
3431
3578
3555
3552
3587
3437
3591
3307
3392
3249
3238
3120
3325
3235
3354
3053
3073
3159
3076
3122
3283
3249
3010
3182
3245
3302
3045
3107
3084
3328
3115
3281
3032
3167
3078
3229
3234
3266
3056
3223
3361
3421
3247
3516
3591
3492
3325
3482
3325
3186
3427
3425
3232
3540
3138
3433
3426
3400
3383
3563
3257
3214
3255
3085
3380
3519
3096
3272
3165
3196
3492
3592
3309
3116
3313
3211
3104
3523
3587
3558
3591
3063
3573
3580
3580
3600
3591
3025
3585
3569
3589
3587
3580
3586
3243
3442
3113
3459
3529
3258
3277
3324
3074
3599
3040
3178
3400
3249
3229
3292
3238
3405
3011
3278
3222
3334
3311
3079
3320
3494
3349
3575
3598
3010
3365
3393
3502
3393
3202
3233
3028
3380
3421
3011
3558
3359
3558
3374
3213
3079
3279
3361
3376
3287
3134
3009
3215
3318
3497
3008
3051
3056
3038
3064
3043
3036
3086
3047
3053
3069
3069
3070
3053
3053
3053
3041
3055
3049
3050
3195
3048
3051
3047
3044
3043
3041
3041
3039
3041
3299
3587
3534
3569
3521
3525
3598
3591
3578
3577
3351
3335
3337
3596
3585
3405
3387
3566
3592
3239
3578
3575
3573
3581
3578
3576
3574
3200
3598
3594
3578
3577
3054
3345
3593
3583
3595
3593
3593
3592
3591
3590
3589
3588
3587
3586
3585
3584
3583
3582
3019
3587
3574
3021
3294
3572
3075
3571
3092
3572
3487
3423
3318
3578
3009
3283
3096
3587
3309
3600
3575
3182
3012
3071
3577
3553
3295
3157
3058
3453
3071
3567
3103
3099
3594
3278
3280
3228
3273
3418
3559
3274
3274
3483
3573
3274
3571
3279
3571
3277
3585
3598
3265
3377
3100
3181
3290
3291
3295
3362
3453
3545
3442
3557
3301
3340
3293
3302
3292
3289
3293
3577
3490
3414
3595
3380
3351
3596
3576
3163
3480
3480
3480
3490
3251
3280
3321
3181
3538
3271
3581
3503
3462
3023
3062
3286
3300
3380
3592
3597
3597
3291
3589
3016
3118
3220
3580
3562
3562
3374
3586
3288
3597
3589
3596
3449
3454
3289
3016
3193
3569
3584
3133
3111
3373
3598
3294
3328
3586
3365
3266
3165
3117
3592
3592
3596
3593
3586
3191
3232
3570
3570
3570
3570
3570
3570
3570
3570
3570
3570
3570
3150
3240
3593
3342
3582
3582
3582
3582
3581
3581
3581
3581
3581
3581
3581
3582
3350
3256
3025
3249
3388
3103
3104
3484
3401
3156
3102
3582
3582
3049
3589
3445
3594
3570
3570
3571
3570
3571
3572
3571
3570
3570
3571
3570
3515
3377
3573
3594
3600
3399
3542
3590
3590
3590
3591
3590
3292
3487
3590
3590
3590
3591
3591
3586
3586
3586
3586
3586
3586
3586
3586
3586
3586
3586
3073
3413
3582
3577
3578
3578
3578
3118
3288
3000
3151
3588
3158
3420
3598
3286
3183
3125
3511
3594
3407
3079
3317
3491
3584
3590
3234
3214
3231
3512
3587
3574
3598
3585
3598
3573
3128
3268
3372
3587
3600
3572
3376
3586
3277
3018
3523
3592
3026
3046
3584
3238
3093
3248
3210
3137
3595
3475
3572
3486
3370
3261
3233
3589
3587
3211
3582
3582
3235
3350
3134
3124
3132
3129
3129
3144
3153
3136
3130
3166
3225
3581
3142
3139
3197
3233
3176
3137
3124
3136
3124
3123
3183
3125
3131
3117
3125
3124
3135
3124
3154
3147
3145
3221
3122
3127
3137
3145
3585
3134
3558
3174
3148
3353
3038
3142
3233
3165
3135
3073
3292
3169
3120
3123
3127
3152
3152
3116
3126
3118
3127
3125
3259
3023
3248
3563
3291
3144
3270
3166
3158
3188
3156
3136
3149
3133
3124
3232
3206
3128
3377
3246
3140
3132
3194
3146
3144
3130
3196
3196
3196
3196
3196
3195
3195
3195
3195
3195
3195
3195
3195
3195
3195
3195
3195
3195
3195
3195
3195
3195
3195
3195
3195
3195
3195
3195
3195
3195
3195
3194
3194
3194
3194
3194
3194
3194
3194
3194
3194
3194
3194
3193
3193
3193
3193
3193
3193
3193
3193
3193
3193
3193
3193
3193
3193
3193
3193
3193
3193
3193
3192
3192
3192
3192
3192
3192
3192
3192
3192
3192
3192
3192
3192
3192
3192
3192
3192
3191
3193
3193
3193
3193
3193
3193
3193
3193
3193
3193
3193
3193
3193
3193
3193
3560
3561
3563
3563
3565
3566
3565
3565
3565
3565
3565
3565
3566
3566
3566
3565
3570
3569
3570
3570
3570
3570
3569
3570
3570
3572
3571
3571
3571
3572
3571
3571
3569
3569
3569
3569
3568
3569
3568
3568
3568
3568
3569
3569
3569
3568
3568
3569
3565
3566
3565
3565
3567
3565
3564
3565
3563
3564
3565
3565
3564
3564
3564
3563
3569
3571
3570
3570
3570
3569
3570
3569
3572
3571
3572
3572
3571
3571
3572
3571
3564
3564
3565
3563
3564
3564
3562
3559
3561
3562
3562
3563
3563
3563
3563
3563
3169
3109
3133
3142
3573
3178
3100
3102
3113
3122
3111
3135
3110
3112
3105
3110
3120
3121
3120
3108
3120
3112
3055
3069
3082
3082
3082
3100
3081
3067
3081
3081
3083
3091
3088
3091
3080
3080
3044
3053
3045
3066
3072
3080
3103
3068
3089
3095
3093
3115
3116
3114
3115
3114
3078
3078
3080
3114
3084
3078
3078
3078
3077
3077
3068
3085
3080
3079
3078
3077
3002
3015
3028
3027
3031
3048
3028
3017
3027
3027
3035
3042
3042
3037
3030
3030
3004
3007
3010
3026
3026
3031
3063
3039
3054
3063
3063
3081
3080
3160
3079
3072
3070
3032
3000
3022
3007
3022
3025
3026
3021
3059
3043
3040
3041
3033
3145
3051
3063
3059
3069
3090
3069
3062
3066
3058
3065
3072
3082
3079
3076
3069
3064
3037
3043
3035
3079
3052
3050
3052
3040
3055
3066
3067
3074
3079
3071
3073
3071
3030
3037
3044
3070
3050
3042
3045
3048
3048
3059
3057
3070
3068
3056
3063
3055
3022
3022
3023
3061
3037
3034
3034
3036
3007
3003
3012
3023
3041
3045
3070
3036
3040
3038
3054
3003
3011
3012
3006
3004
3006
3019
3029
3026
3055
3032
3035
3032
3020
3003
3004
3006
3021
3019
3019
3003
3000
3004
3022
3026
3029
3038
3019
3019
3019
3017
3017
3022
3029
3031
3023
3032
3033
3040
3040
3038
3060
3039
3039
3040
3008
3024
3029
3040
3027
3027
3029
3020
3585
3197
3189
3065
3072
3073
3110
3103
3084
3085
3090
3063
3063
3063
3073
3090
3079
3082
3077
3110
3118
3118
3139
3148
3127
3118
3118
3106
3118
3105
3119
3113
3120
3116
3114
3118
3105
3105
3116
3144
3114
3113
3108
3143
3146
3147
3168
3167
3167
3162
3144
3032
3057
3057
3065
3065
3072
3074
3056
3062
3066
3097
3077
3081
3067
3066
3124
3134
3131
3148
3174
3150
3143
3136
3095
3102
3099
3115
3112
3112
3100
3092
3195
3166
3199
3135
3231
3270
3284
3113
3102
3115
3123
3131
3125
3123
3118
3066
3068
3071
3084
3080
3096
3089
3085
3180
3192
3191
3186
3508
3509
3222
3504
3585
3250
3169
3188
3136
3150
3573
3137
3467
3037
3214
3135
3154
3139
3127
3121
3121
3192
3148
3158
3132
3141
3150
3141
3143
3158
3197
3001
3249
3133
3130
3431
3022
3295
3413
3477
3118
3126
3483
3190
3200
3120
3133
3148
3140
3130
3125
3145
3141
3147
3372
3159
3152
3236
3182
3150
3130
3139
3140
3234
3185
3127
3321
3137
3189
3188
3159
3182
3143
3194
3218
3215
3146
3330
3360
3398
3143
3107
3156
3145
3154
3397
3275
3222
3140
3172
3186
3140
3124
3127
3230
3194
3150
3265
3167
3166
3134
3144
3136
3135
3173
3147
3160
3147
3145
3131
3115
3126
3130
3121
3191
3148
3130
3131
3137
3132
3135
3140
3124
3125
3123
3145
3152
3146
3124
3131
3176
3117
3127
3124
3382
3349
3139
3510
3154
3178
3047
3125
3193
3168
3573
3561
3195
3054
3203
3578
3231
3193
3157
3289
3161
3265
3158
3265
3136
3207
3199
3453
3130
3146
3124
3118
3010
3354
3547
3098
3134
3266
3183
3126
3147
3129
3133
3379
3572
3140
3473
3076
3129
3206
3521
3363
3451
3420
3122
3580
3137
3120
3194
3189
3129
3149
3195
3211
3156
3202
3124
3226
3145
3231
3181
3135
3124
3123
3130
3189
3085
3123
3123
3591
3337
3130
3121
3031
3207
3035
3009
3208
3141
3193
3013
3322
3293
3206
3168
3588
3143
3578
3133
3201
3208
3226
3596
3191
3153
3132
3005
3127
3576
3574
3129
3180
3515
3111
3144
3149
3159
3161
3151
3124
3224
3571
3140
3127
3127
3150
3127
3146
3129
3002
3260
3342
3578
3182
3228
3161
3112
3243
3156
3051
3172
3094
3182
3155
3158
3169
3458
3155
3351
3103
3174
3120
3231
3177
3199
3183
3275
3279
3219
3123
3172
3124
3127
3120
3041
3105
3569
3244
3211
3315
3202
3166
3502
3071
3084
3537
3209
3143
3149
3204
3171
3125
3194
3362
3132
3125
3119
3582
3578
3117
3112
3134
3141
3092
3562
3272
3215
3384
3541
3116
3087
3253
3284
3576
3579
3581
3267
3438
3389
3364
3592
3013
3171
3556
3070
3061
3314
3472
3401
3465
3516
3424
3447
3538
3428
3424
3476
3505
3596
3432
3533
3491
3463
3580
3435
3514
3484
3477
3464
3477
3585
3471
3551
3468
3498
3399
3516
3092
3197
3590
3144
3041
3153
3140
3100
3002
3074
3073
3018
3006
3076
3016
3072
3034
3153
3159
3127
3044
3171
3161
3056
3046
3081
3045
3132
3136
3146
3121
3103
3179
3073
3033
3137
3112
3600
3077
3069
3094
3098
3121
3114
3069
3000
3015
3041
3056
3043
3045
3058
3100
3002
3042
3048
3482
3162
3153
3539
3077
3070
3552
3252
3153
3101
3038
3456
3581
3060
3115
3057
3571
3341
3207
3407
3579
3591
3586
3577
3572
3065
3294
3025
3015
3158
3011
3357
3304
3582
3328
3510
3140
3076
3554
3251
3174
3026
3161
3098
3095
3552
3219
3193
3412
3581
3455
3314
3587
3348
3314
3169
3595
3587
3572
3259
3578
3450
3138
3073
3235
3211
3030
3054
3137
3565
3205
3067
3589
3045
3041
3040
3359
3472
3379
3503
3386
3570
3583
3466
3100
3144
3261
3097
3125
3119
3591
3146
3359
3117
3118
3140
3190
3257
3128
3132
3140
3216
3166
3124
3122
3578
3143
3125
3590
3118
3583
3104
3544
3469
3480
3362
3520
3008
3126
3576
3127
3123
3578
3134
3053
3135
3589
3364
3198
3135
3159
3122
3109
3129
3116
3140
3112
3121
3334
3172
3123
3150
3144
3226
3103
3443
3443
3571
3585
3438
3453
3453
3449
3070
3104
3105
3113
3412
3130
3151
3115
3035
3253
3115
3592
3146
3170
3106
3112
3112
3206
3158
3113
3125
3111
3117
3110
3106
3114
3109
3109
3093
3109
3109
3113
3106
3120
3112
3108
3103
3099
3104
3095
3103
3113
3573
3106
3114
3105
3105
3102
3094
3094
3109
3102
3106
3104
3102
3146
3103
3183
3113
3124
3120
3148
3391
3216
3230
3148
3258
3203
3251
3224
3594
3270
3095
3127
3122
3129
3140
3175
3123
3163
3104
3132
3147
3117
3162
3108
3124
3096
3121
3111
3191
3572
3184
3135
3570
3581
3519
3174
3593
3087
3575
3571
3153
3595
3584
3122
3592
3575
3312
3470
3111
3122
3138
3590
3113
3577
3403
3156
3136
3119
3118
3136
3021
3122
3131
3103
3114
3126
3106
3107
3119
3126
3147
3004
3028
3002
3143
3121
3119
3107
3159
3159
3215
3195
3179
3135
3128
3141
3129
3219
3597
3096
3125
3108
3581
3257
3157
3355
3471
3573
3246
3289
3139
3424
3176
3116
3116
3124
3128
3118
3131
3115
3111
3119
3107
3111
3101
3145
3129
3128
3142
3154
3164
3130
3128
3137
3124
3115
3123
3130
3476
3120
3131
3118
3173
3121
3132
3392
3121
3600
3143
3142
3139
3588
3116
3315
3442
3304
3126
3136
3120
3195
3149
3129
3122
3182
3122
3169
3117
3128
3116
3186
3130
3119
3118
3111
3111
3131
3105
3126
3116
3119
3118
3123
3140
3116
3119
3117
3108
3127
3100
3110
3133
3116
3115
3167
3131
3118
3117
3127
3130
3121
3116
3117
3126
3199
3108
3132
3183
3124
3123
3126
3133
3117
3115
3123
3129
3214
3107
3181
3215
3098
3154
3104
3109
3109
3105
3110
3121
3112
3124
3134
3119
3348
3113
3134
3105
3120
3223
3491
3159
3113
3176
3317
3268
3254
3412
3509
3400
3473
3584
3428
3306
3591
3597
3431
3042
3598
3595
3472
3395
3597
3592
