5549
6693
6463
5991
5854
6850
6268
6178
5661
5036
6270
5633
5616
5668
6661
6932
6942
6210
5510
6034
6196
6162
6526
5734
5472
6759
5583
6112
5219
5964
5874
5720
6300
5427
5804
5634
6460
5087
5327
5264
5585
6457
6491
5964
6818
5643
6050
6352
5664
6964
6725
6567
6392
5941
5748
5492
5250
6780
6415
5278
5355
6213
5841
6757
6053
5100
6499
5812
5975
7013
5826
6229
6181
6520
5864
6417
5980
5256
5963
6262
6904
6586
5814
5643
5752
7097
6793
6619
5682
6454
5405
6244
5384
4787
5822
6289
6138
6787
6283
6003
6896
5305
6510
6828
4658
6948
5850
5698
6097
5793
4289
5240
5967
6238
5662
5393
5775
5989
5748
5502
6695
5917
6013
5714
6280
5239
5426
6177
6387
7256
7038
5180
5811
4973
6289
7044
6190
6543
5990
5553
6488
6506
6273
5844
6580
5795
5763
5618
5833
5736
6014
6735
5652
5039
5336
5509
5090
6262
4802
6710
6483
6926
6037
5813
5611
5732
5924
5044
5500
4210
6511
4496
7228
6194
5587
6335
6275
5909
7324
6045
6123
7632
5530
6340
6450
6750
6362
6492
6687
6251
5789
6198
6102
6164
5302
5303
5875
5579
6143
6427
4511
5865
5955
6807
6114
5417
6531
6769
7124
6192
5144
5756
5967
6055
6232
7160
5902
6726
6967
6610
6895
6303
5884
5880
6988
6562
6458
5178
5046
6063
5462
4702
6542
5444
5496
6445
6729
4957
5052
5966
6148
7011
5382
5175
5140
6030
5771
5473
6144
6824
5692
5763
5291
5261
5606
6530
6713
5990
5758
5574
6932
6268
7122
5643
5976
6268
5729
6125
5502
5734
6327
5793
6454
6372
6097
6102
5202
5749
6666
5419
5830
5899
5776
6651
6566
6568
5664
5578
6051
5809
6332
4902
5528
6423
6388
6186
5526
6720
6401
6161
6032
6019
6937
6518
5604
5528
5897
5763
5313
6052
5850
5606
6236
5607
4913
6405
5479
5746
5983
5338
5982
5461
6685
5963
5682
6822
6647
5863
5881
6519
7102
6027
5663
6082
5680
6795
5739
4924
5261
5438
4806
5368
5610
6069
6138
5877
6275
5704
6001
6109
7132
4797
6089
6127
5578
6558
5469
5847
5980
5723
5282
6156
5792
5643
6103
7174
5548
5590
5406
6556
6656
5767
6277
7355
6563
4693
6198
6003
6075
7160
6192
6731
4968
5759
5947
5918
6313
6135
6644
6610
5681
6472
6331
6949
5526
4697
6107
5930
4143
6060
5468
6226
6136
5046
4673
6358
5417
6911
5826
6054
5456
6043
7039
4385
7011
6619
5838
7107
5488
5451
6383
6288
7195
6511
5994
5743
6517
6057
6425
5689
5918
5779
5949
5995
5801
4909
5321
6170
7128
5243
5943
5839
7036
5807
5763
5678
6113
5846
5530
6189
6491
6952
5621
7147
5151
6046
6385
6372
5072
5897
6502
6976
5852
6022
5552
6925
6955
5316
6207
5581
5430
5543
6843
5137
5049
5315
6015
7002
5278
5373
6229
4942
6592
5559
6659
5852
5754
7210
6730
6351
5787
5602
5847
6270
5318
7068
6080
6772
7140
6701
6124
6986
6377
7037
5162
5004
5694
6588
5841
6210
5673
6360
6112
6454
5951
6168
5677
5365
6520
5847
6370
6224
7325
5445
5381
6912
6277
5701
6227
6266
6448
5881
6470
6243
5770
5624
5832
5371
5095
5357
5709
5788
6564
4853
7472
6570
5400
5908
5841
6691
6687
5765
6679
6073
6185
5886
6360
5203
5381
5318
5602
6096
6409
5559
5436
6227
5127
6788
5836
5496
5607
6151
5064
6544
5702
6775
6412
6258
4705
6798
5784
6619
5316
6337
5548
5506
6400
7250
5745
6208
6267
6216
5787
5726
5902
4409
6092
5653
5093
5802
5941
6036
6352
5812
6139
5670
5414
6300
7257
6828
5497
5713
5438
5605
6011
6851
6555
5475
5516
5546
6308
6811
5463
5802
7429
7174
6866
6026
5095
6265
6252
5570
6027
5528
5703
6185
5524
5977
5797
5956
5665
5929
6303
6036
6506
6621
6418
7452
5929
5601
5749
5415
6079
6069
5921
5608
5546
5797
5384
6651
7316
6915
6022
6047
5884
4843
5652
5527
5385
6075
6209
5536
5477
5755
7088
6361
5774
6024
6580
5524
5726
5783
6554
6574
5612
5071
6567
5677
6162
5326
6033
6330
6650
5359
6039
4999
7270
6511
5257
5915
6116
6562
4847
5901
5384
6492
6457
7074
5759
5852
5763
5872
6367
5851
5196
5864
5945
4910
6595
4990
5424
7219
5925
5816
5429
6252
7166
5278
5189
6007
5875
5983
6559
5770
7531
6228
5347
5894
7023
6393
5087
5454
5932
6459
6756
6947
6020
6129
5140
5112
4910
5173
6259
6436
5135
6418
6569
6477
5647
6628
5090
6158
5939
5998
6578
4841
6055
5016
5710
6196
5283
6179
5790
5644
5642
6240
5994
4065
6499
5281
6428
5759
5597
6126
6164
6576
6325
6029
6460
5806
5407
6332
5828
6326
6080
5644
5383
5147
5307
6093
6108
6762
6876
5689
6073
6735
7293
6386
6186
6993
6889
6807
6600
5751
6404
6152
5239
5843
6435
7033
6019
5560
5769
6692
5540
6063
5584
6573
5547
5760
5670
4731
5891
6093
5923
6668
5754
5669
4823
6437
5862
6246
6347
5061
6683
6026
5946
5492
4914
4956
6535
6158
7079
5835
6252
5532
5636
6664
5784
5449
5631
6109
6571
4449
6105
5641
6171
4707
6017
5875
5720
6636
6175
4950
6462
6212
4902
6470
6794
5782
4432
5997
5022
6656
5700
6931
4587
6916
6274
5671
5786
6352
6111
7698
6449
6222
4870
5537
5852
5412
5629
6449
5951
5732
5981
6783
5617
5288
6227
6075
6986
5664
6250
5444
6132
4783
6685
5804
6680
5237
5293
6517
5751
5623
6063
5702
5059
5634
5680
5725
7427
6685
5858
4450
6745
4845
6092
5854
6768
6626
6199
5317
5695
5958
5853
5187
6061
5520
6496
7006
4978
6016
6467
5795
5877
6696
6267
6082
5408
5696
5646
7174
7642
6351
6240
5929
6060
6484
5828
5594
6010
5667
5821
5201
5614
5766
5749
5634
6405
7148
6232
6537
5924
5414
6530
5894
5622
6483
5366
6559
5737
5703
5853
6236
5842
6128
7121
5750
6696
5336
5850
5885
5599
6468
5692
5918
5706
5893
6721
5980
5163
5723
6456
7214
6133
6182
5529
5894
6043
7055
6035
5453
5430
6417
5992
7021
5945
6651
5691
5255
5435
5762
6754
6397
6269
6279
5353
6680
5777
6206
5969
5836
5627
5696
5934
6214
6578
6359
6204
6128
5594
5172
6734
5114
5182
4926
6517
6557
6349
6717
5988
6019
5478
5305
6231
5431
5544
6530
6028
5069
5017
5961
6696
5843
4109
6004
6511
7104
5900
5761
6153
5530
6770
6432
5663
6038
5885
5874
6620
5464
6038
6545
6766
6384
6179
5933
5757
6077
5378
5267
6794
5548
6650
5443
6596
6048
6017
5723
6674
4176
7049
5212
5810
6872
6219
6373
6436
6218
5109
6721
5948
5538
5948
5926
5725
5012
5402
5425
5860
5548
5521
7079
6992
6825
5800
5082
6326
6553
5568
7129
6273
6002
6706
6580
6288
6290
6432
5970
5871
5423
5126
6010
6361
6124
5421
6799
6502
4931
5786
6930
6675
6523
5519
5890
7040
6802
6153
5744
5610
6367
5998
4671
6089
6396
6842
6370
5398
6656
4426
6014
5589
5981
5656
5864
5676
5717
6185
5819
6485
6207
5748
5309
5475
6668
5825
5997
6663
5248
4527
6156
6369
5050
5836
6437
5748
6139
6184
6437
5208
6883
5270
5494
7204
6060
5913
5373
5286
6292
6360
6692
5285
5890
5775
6552
5862
5843
6030
5437
6114
6692
6607
5596
4940
5791
5774
7005
5946
6267
5546
6856
5732
6310
6442
6910
5935
5322
7438
6084
5554
6352
5419
5836
4759
5098
6423
4916
6364
6638
5719
6648
7044
6336
5323
6032
5501
5177
6683
6519
6381
6273
4914
6223
6750
5921
6353
6039
5405
7114
4818
5283
6358
4754
6216
5007
6323
5245
7477
6099
6822
6645
6087
6100
6842
6474
4662
6062
5716
5461
6086
6305
6120
5894
5859
5552
6700
5859
6049
6165
5791
5692
5160
6901
6741
4485
6173
6598
6535
5437
6299
5986
5576
6771
6097
5306
6523
6528
5153
6944
6432
6472
5511
6092
6726
4938
6116
6150
5177
6190
6415
6346
6444
6693
5193
5408
6616
5819
5576
5768
6145
5665
6145
5170
5419
6239
6241
5446
6598
7131
6891
5287
6073
6930
6810
7554
5708
6536
5573
6372
5359
6134
6381
5075
6134
5860
6101
6713
5847
6057
5730
6157
6310
6097
5185
5641
4982
6220
6426
6060
5501
5735
6154
5567
5729
4876
6193
5045
6398
5849
5661
5549
5967
6344
4946
6296
5352
6654
5182
6598
6876
5982
6763
6311
6247
5730
7327
5992
5946
5416
6357
6308
5368
6167
5580
5427
7099
6524
5460
6592
5924
5985
5406
6724
6119
5746
6184
6731
5719
6681
6502
6140
5345
4948
6364
6243
5752
5905
6894
5074
7112
5951
5477
6081
5255
6484
5957
4834
6233
5919
5665
5875
5369
5525
6310
6008
5679
6225
5859
6248
7057
6312
6211
4713
5685
5999
6678
5347
5432
5714
6554
5001
6709
5808
5709
6336
4600
6412
5650
6660
6106
6393
5649
6056
6138
5248
4995
6254
6103
6717
5556
4510
6024
6182
6654
6003
6148
5167
6905
5745
5632
6304
5188
5545
5934
5920
5371
5782
6199
6321
5551
5320
7066
5660
6082
6478
5869
5950
5641
5507
6188
4882
5359
6692
5496
5766
4755
6709
5578
6285
6200
5026
5444
6612
5703
6280
6374
5693
6463
5868
6161
4916
5510
5260
5971
5839
6255
5777
6019
5466
5673
6696
5939
6063
5720
6029
5976
6085
6549
6620
6522
5846
7250
5527
5572
5504
4715
5462
5840
5783
5578
6620
6896
5392
5648
4560
5765
6143
5293
6893
6004
6794
6548
5568
5896
5929
5887
6582
6287
6116
5931
6529
5709
5625
6208
6891
5527
5646
4873
5919
5405
7004
6217
6230
6716
5850
6336
6585
5699
6393
7107
6441
5423
5494
5437
5890
5775
6421
5929
5950
6724
6715
5683
5050
4564
6498
6193
6183
6393
5386
6209
6206
6812
6946
5351
6725
5442
7082
6431
6169
6059
6297
6164
6260
5565
6144
5877
6864
5399
6032
6522
6678
6163
5045
6288
5462
5436
5955
5519
5530
5785
6217
6561
6054
6472
6314
7598
5784
5423
5775
6407
6166
5025
5774
6251
5442
6413
4785
7453
4623
7071
6414
5972
6196
6623
6147
5723
5487
6233
5818
5207
6545
5518
5704
6076
5559
6191
5897
5489
5861
5415
5175
7220
6171
5749
5648
6313
6252
5634
5766
6695
5957
5080
5823
6685
6752
5451
6229
6430
6272
5703
6337
6208
6287
7032
5892
5661
6466
6518
5929
5933
6021
5447
5338
5229
7198
5187
6430
6396
6142
6548
5006
6793
6233
6110
5472
5129
5670
6138
5719
6867
6111
6250
5560
7295
6376
5739
6205
6102
6116
5348
6399
6720
4596
5865
6333
6251
6161
5874
5944
5732
6152
6354
6627
6650
6173
5003
6305
5334
6690
6167
6075
5375
6491
4911
5817
6386
6839
5809
5751
5454
5611
6222
6067
6727
5889
6284
5886
5401
5798
6151
5526
6838
5750
5938
5954
5912
4556
4921
5467
6032
7020
6614
5879
6043
6379
6806
5199
5897
5685
5193
5625
6304
5821
7180
6178
5018
5495
5792
6737
6812
5906
5426
6132
6887
5909
5694
6324
6407
5804
6146
6519
7093
6068
6252
5817
5182
5354
5877
5711
7146
4933
7563
4927
6506
5969
5897
4834
6304
6489
5589
6358
6183
5118
5121
6621
6167
6240
5042
5187
6113
6069
4118
5414
5962
5525
5865
6872
5707
6542
6570
5707
6338
4784
5611
6239
5817
6620
5685
6149
5248
6236
5517
6689
6114
5256
6025
6174
6560
6201
6370
6022
6278
6165
5569
5293
5898
6870
6215
5704
5864
5535
5954
6942
6070
5351
5819
6096
6411
7780
6643
5754
5930
6316
6280
6170
6844
6272
4355
6865
5283
5666
7316
6147
6437
7069
6733
5848
6161
6382
6319
5806
5618
5537
5977
6398
5613
6151
5859
6862
4868
5859
5833
6340
5679
6579
5443
5044
5290
5497
5921
6327
6842
6048
5905
6455
5775
6488
5327
6679
6306
5450
6745
6257
6067
5603
6470
7117
5992
7026
5961
5848
6010
5734
5324
6377
5757
6665
5678
6154
6298
4794
