3013
3011
2975
2964
3006
3026
3018
3001
2984
2967
3057
2998
2928
3020
2999
3030
2975
2997
3016
2946
3001
3057
2973
3027
3034
3069
2972
2990
2966
2996
2982
2991
2997
2989
3026
3040
2992
2950
2968
2981
3018
3066
2994
3011
3028
2990
3038
3017
3007
3012
3002
3012
2978
2963
2992
2991
3061
3035
2950
2966
3026
3010
2987
3012
3023
2974
3025
3032
2933
3018
2991
2974
2988
2940
2993
2983
2958
2997
3007
2981
3051
3025
2930
2983
3008
3005
3011
3004
2992
2935
3054
3020
2988
3041
2969
2987
2986
3016
2966
2977
3040
3012
3016
3003
3038
3034
2991
3019
2972
3058
2991
3028
2966
2986
2964
3021
2990
3033
3020
3003
2976
3035
3009
3012
2972
3008
2993
3032
3011
2958
3021
2977
2980
2976
3017
3045
2976
2967
2973
2962
3041
2963
3016
3058
2963
2968
2993
2986
2985
2990
3012
3040
3023
3009
2987
3055
2977
2943
2948
3049
3014
3075
3022
3005
2998
2981
2960
2926
3030
3021
3042
3026
2986
2946
3004
2968
2993
3015
3024
3001
2983
3003
3018
2985
3051
2953
2996
3002
3008
3004
3025
3034
2978
3013
2965
3055
3039
2964
2980
3030
3020
3038
3032
2960
3002
2978
3004
3035
3014
3013
3037
3039
3021
2975
2932
3013
3033
3002
2997
2973
3022
3025
2976
3012
2956
3061
2980
2983
3024
3001
3019
2989
2997
3011
2939
3038
3003
2947
2971
2939
2976
3016
3030
3011
2980
3021
3046
2977
2981
2987
2955
3003
2978
2977
2982
2931
2973
3026
3016
2973
3022
2937
3031
2942
3029
2953
3002
3023
2997
3025
3046
3027
3000
2971
3017
2991
3032
3030
3007
3003
2991
3045
3021
3024
3004
3006
2980
2966
2970
2987
2982
2969
3023
3008
2956
3048
3009
2968
3072
2984
3009
2987
2980
2954
2997
3023
2977
2988
2989
3073
2965
2988
3026
3006
2981
2998
3009
2983
3037
3035
2992
2968
3022
2976
3027
2935
2997
3012
3038
3022
3006
3029
2990
2972
2998
3017
3020
2961
3027
3020
2984
2994
2982
3010
3037
2970
3065
2931
3012
2958
3026
3015
3025
2972
3036
3011
3020
3099
3011
3004
2943
2997
2984
2986
2990
3028
2972
3049
3014
2992
3013
3024
2977
2967
3002
2940
2975
2999
3010
3010
3052
2972
2973
3027
3034
2990
2966
2979
2995
2953
3003
3064
2998
3027
3041
3027
2973
3032
3027
2938
2996
2969
3007
2974
2963
3000
3043
3024
2977
3001
2995
2991
3008
3055
3005
2996
2974
3025
3001
3027
2964
2979
2978
2987
2988
3017
2939
2984
2943
2955
2996
3007
3031
3000
2990
2993
2993
3071
3046
3005
3072
3007
3000
2968
2958
2964
3030
3078
2977
2954
3000
3013
3020
2911
3012
3048
2984
3022
2967
2921
2959
3031
2992
3001
2975
2981
2982
2970
3016
3054
2987
3042
3002
3010
3023
3011
2984
3026
3059
3012
2970
2954
3001
2970
3032
2983
3009
3039
2944
3018
3087
3004
2931
3018
2996
3001
3039
3022
3013
3025
3059
3027
3035
2984
2983
2946
2980
3011
3032
3004
3079
2987
3004
3024
3033
2968
2988
2931
2966
2990
2940
3012
3061
3009
2965
3020
3032
3016
3012
2992
3037
3003
3042
3009
3023
3002
2936
2997
3043
3057
3032
2998
3018
3031
3058
3021
2958
3003
2988
3018
2998
3007
3022
2952
3025
2981
3009
2975
2958
3013
3009
2979
3033
3039
3041
2987
3017
2984
3008
3038
3035
3009
2983
3019
2979
3013
3024
2937
2965
3028
3015
2976
3063
3098
3037
3020
2972
3000
3014
3041
3010
3028
3037
3062
3007
2967
3033
3028
3016
2957
3033
3012
3021
2998
2996
2941
3052
3000
3020
3018
3038
2988
3043
2963
2999
3024
2966
3020
3016
2950
3033
3015
2952
3001
3022
3003
3033
3038
3059
2999
3011
2967
3048
2943
3042
2988
3026
2951
2977
2979
3043
3001
2947
3039
3017
2970
2988
3046
3025
2976
2976
2972
3034
2946
3022
2995
3028
3012
2998
2977
2993
2998
3090
3037
3031
2990
2928
2972
2966
2962
2957
3021
2999
2990
3017
3020
3043
2974
2985
2967
3018
3031
2963
3022
2990
3030
3031
2990
3022
2993
3018
2991
2999
3025
3015
3014
2965
3007
3004
2977
3025
3015
3002
3044
3030
3004
2964
3016
2973
2988
2964
2946
2937
2970
3029
2936
2997
3055
2990
2991
3020
3041
3015
3026
3019
2968
3000
2986
2976
3002
3026
3047
3042
2997
2996
2981
2976
2899
2959
2963
3004
2988
2998
2981
2959
2982
2973
3004
2986
2958
2945
2970
3003
2973
3038
3012
3067
2981
2987
3001
3010
2989
2984
3010
3000
3003
2964
2944
3006
3000
2964
2980
2995
3017
2986
3008
2981
3012
2974
3014
2971
3020
2998
2968
3018
3062
2957
3017
3031
3013
3019
3036
2993
3079
3021
3028
2984
3025
2937
2972
2986
2994
3021
2971
3029
3052
3044
3009
2952
2993
2995
2968
3028
3001
3015
2931
2998
3023
2993
3069
3034
3003
3007
3041
2994
3031
2974
2955
2989
2970
3001
3018
2993
2968
3005
3023
2994
3033
2974
3026
3012
2975
3022
2996
2959
3007
2983
3064
3018
3052
2996
3000
2991
2979
2982
2981
2962
3000
3013
2956
2988
2994
2979
3002
3012
3024
2998
2976
3041
3010
2970
3006
2979
2988
2956
3017
3008
3010
2972
2959
3066
3017
2987
2959
3001
3062
3104
2939
2998
2950
3040
2978
3036
3027
3012
2992
2989
2993
2982
2976
3003
3001
2965
2995
2978
3001
3049
3026
3004
2998
3018
3024
2948
3002
2993
2998
3004
2998
2990
2966
3020
3015
2941
2984
3033
2972
2982
2963
2972
3050
3012
3013
3015
3015
2971
2984
2967
3028
2973
3007
2986
3014
3022
2982
2943
2969
3046
3013
2989
3033
3036
3007
2987
2899
3046
3031
2990
3027
2995
3015
2994
2960
2991
3029
3012
3007
2971
2951
3013
2967
3045
2984
3019
3025
3034
2939
3019
3062
2976
2952
3022
3014
3011
2971
2992
3023
2977
2995
2990
2992
2974
3016
2988
2956
3018
2976
2968
2973
2990
3015
2985
3015
3047
3021
3019
3038
2976
2956
3006
2996
3033
3018
3006
2965
3051
2987
2996
3043
3018
3016
3032
2971
3022
2978
3005
3029
3000
2985
2991
2936
2984
3000
3009
2949
3014
2945
2995
2983
3047
2970
2994
3032
3002
2964
3008
3007
2998
3041
3002
3034
2938
3000
2991
2969
3057
3008
2959
3006
2994
3010
3023
2976
3015
3021
2987
3038
3004
3035
3025
3025
2963
2983
3018
3015
2996
3006
2977
2979
2981
2992
3037
2958
3027
3006
3015
3015
3014
3029
2999
3017
3017
3007
2997
3024
3041
2960
2999
3032
2962
3021
3027
2970
2991
3037
2986
2991
3002
3013
2993
2981
2970
2940
3033
3074
2993
2993
2965
2988
2990
2994
3049
3000
3053
2996
3001
3007
2993
3014
2997
3003
2979
2933
2999
3019
2969
3011
2958
2975
2962
2965
2973
3006
2977
2969
2972
2993
3008
3018
2996
2994
2986
2995
3049
2969
3025
2941
2987
2987
3040
3008
3007
3017
2972
3004
3007
2984
2980
2988
2978
2984
2995
2977
2954
3029
2983
3037
2991
3004
2993
2998
3046
2980
3024
3011
2987
3047
2974
3026
3002
2985
2978
2954
3018
2897
2999
2958
2987
2976
3011
2996
2998
3009
2997
2964
3021
2965
2936
2936
2986
3005
3037
2956
3009
2947
3016
2992
3058
3011
2991
3024
3005
2985
2965
2990
3008
2987
2993
3006
3017
2972
2971
3025
3013
3012
2984
3006
2978
2997
2978
3052
2956
3032
2997
2974
3023
3073
3005
3002
3045
3046
2987
3026
3012
3062
3044
3008
3030
2995
2992
3030
3042
2998
2985
2992
3041
3037
3024
3009
3009
3073
2963
3017
2939
3015
3006
2952
3010
3045
2975
2955
3034
3007
2989
3014
2941
3025
2969
2977
2989
3021
3049
2974
3001
3007
3006
3005
2994
2990
3038
3015
2975
3006
2979
3013
3025
2965
2935
3006
3012
2987
2989
3040
2996
2958
2981
3071
2973
2959
2992
2993
2987
2992
2991
2993
3039
3004
3013
2992
2978
2979
2928
2999
2999
3053
3015
3015
2956
2995
2999
2984
3008
3011
3017
2974
3025
2994
3000
3045
3029
3012
2990
3027
3012
3083
2989
3015
2987
3000
3022
3016
3043
2983
2982
3006
2964
2924
3039
3019
3040
3000
3071
2977
3031
2986
2993
3006
2983
2996
2953
2962
3059
2960
2994
2992
3016
2969
2957
2982
2956
2961
3016
3011
2986
3006
2980
3017
2986
3009
3005
2947
3025
2989
2955
2978
2976
3030
3010
3001
3050
3001
3013
3016
2969
2959
2994
3011
3010
3013
3019
3006
2992
3014
2979
3007
2956
3012
3059
3016
2995
2992
2993
2996
3033
3027
3021
2993
2978
2952
2999
3025
3056
2997
3011
2996
2984
3006
3050
3047
3017
3016
2983
3023
3005
2956
3005
2983
3053
3094
3048
2935
3060
2983
3009
2984
2937
3042
2965
2984
2973
3016
2973
2951
2979
3027
2970
2956
3050
3010
2976
3026
2974
2959
3021
3006
2986
3026
3028
3051
2971
2974
3018
3028
2919
2990
3056
3007
3014
2972
2983
3009
2968
3037
3006
2989
3010
3020
3031
2994
3033
3017
3019
3002
2996
2969
2999
3004
3033
3045
2988
3014
3067
2932
3021
3005
3021
3025
2984
3009
3035
3018
2982
3004
3004
3044
2962
3034
3009
3031
2978
3054
2960
2981
2958
2999
2922
3047
2960
2965
2975
3008
3021
2966
3006
3005
2982
3030
2940
3023
3017
2994
3026
3030
2992
2958
3004
2956
3033
2951
3046
3057
2986
3001
3003
2975
3017
2974
2951
2963
3016
2987
3023
3009
3046
3023
3004
2965
2972
2978
3024
2970
2996
2964
3007
2965
3015
2997
3028
3070
3003
2981
2997
3045
2968
2975
2992
2978
3033
3000
2998
2991
3029
3002
3003
3026
3011
2950
2941
2973
2939
3029
3005
3062
2988
2969
3004
3006
3025
3013
3013
2995
2979
3050
3022
3009
3035
3059
3014
3006
3015
2994
3023
2974
2942
3045
2991
3000
2989
2992
2941
3006
3016
2982
3019
2959
2989
3026
2943
2949
2978
3025
3006
2998
3022
3040
3026
3032
2975
2966
2996
3022
2998
2980
2990
2965
2996
3003
2982
3021
3000
3025
2991
2950
2976
2956
3017
2974
2998
2973
3008
2987
2945
2985
3018
2989
3058
3059
2978
2969
2972
2967
2992
3022
3005
2971
2974
3002
3028
3009
3045
3038
3037
3017
3011
2977
3041
2960
2972
3015
2961
3001
3039
2925
3006
3007
2978
3024
2957
2993
2999
3066
3013
2958
3007
3027
2989
3032
3031
2974
2993
3023
2997
2937
3020
2942
2975
2976
3005
3015
2989
2996
2998
3003
3054
3040
2974
3013
2951
2995
3035
3032
3009
2953
2978
2985
3057
2980
3030
3007
3029
3013
3080
3043
2953
2983
3034
3033
2971
3015
2946
3005
3014
3038
2956
2974
3006
3077
3053
2974
2984
3005
2995
3030
2987
2998
3002
2977
3044
2961
2987
3014
3021
2978
3020
2946
2960
2965
2994
3038
3009
2991
2961
3009
2972
2996
3058
2952
2975
2965
3021
2994
3035
3016
2980
3003
2986
2951
2992
3044
3017
3032
3067
2982
3008
2988
3026
2971
2980
2988
2972
2957
2959
2997
3028
2920
3023
2905
2994
2945
3033
3018
2981
2988
2992
2988
3002
2967
3005
2957
3056
2963
2990
2998
3003
3039
2998
2971
2976
2968
2975
2966
2994
2981
2988
2986
3002
3051
3017
3001
2983
2946
2948
3023
2978
2986
2946
2990
2998
2986
2996
2928
2955
2990
2966
3052
2970
3039
3023
2954
2963
2993
2983
2998
2992
2998
3010
3038
3033
3031
2976
2990
3001
2979
2979
3008
2974
3002
3025
3045
3052
2991
2989
2989
3024
3026
3049
2988
3014
2972
3040
3064
2988
3008
2946
2983
2992
2974
3031
3029
2998
3067
2982
3013
2990
3026
3018
2964
2975
2982
2985
2969
2965
3016
2992
2993
2960
3021
2997
2990
2986
3011
3047
2959
2980
2987
3021
2943
2977
2971
2976
3031
3027
2980
3004
2967
2970
3008
2968
2998
2975
3015
3074
2967
3033
3006
3020
2986
3010
2984
2955
3021
3021
3045
2993
2997
3003
3032
2993
3048
3016
3021
