610
588
638
628
584
556
547
612
582
650
606
646
634
543
583
572
563
645
611
657
571
568
566
569
559
571
552
585
563
585
568
578
591
602
578
571
574
603
603
575
593
598
572
580
593
595
584
599
603
608
577
582
629
598
576
600
572
633
572
573
626
648
651
602
651
648
603
604
585
583
635
618
623
616
544
573
633
602
616
617
618
619
619
618
619
610
569
555
558
571
554
572
623
554
564
590
580
616
603
604
628
619
629
612
644
629
620
594
600
594
592
551
656
649
575
615
659
643
553
602
579
548
604
602
604
602
598
570
575
594
588
579
589
597
598
580
557
586
584
550
556
556
578
600
600
577
583
576
555
605
583
614
570
586
546
628
588
575
580
586
573
584
648
575
609
612
611
573
611
550
583
571
630
626
605
634
621
619
587
583
574
640
620
610
546
546
546
543
607
558
556
580
563
563
563
575
575
546
599
545
545
545
570
601
615
658
659
606
579
552
606
651
566
586
621
604
618
584
632
577
597
656
561
584
659
607
594
545
547
642
587
647
575
589
626
540
595
647
583
586
635
569
604
592
601
602
594
607
584
586
641
554
601
578
590
605
570
604
571
609
583
578
605
647
571
596
605
554
560
545
555
600
599
575
649
589
605
626
626
625
624
622
622
621
558
591
603
645
571
571
569
568
568
567
627
627
627
628
628
638
638
637
638
586
605
656
548
615
557
546
607
604
605
604
606
629
562
551
660
572
603
603
602
603
603
603
603
603
603
602
602
603
603
603
577
621
575
558
581
556
555
602
602
653
553
614
566
594
554
658
583
613
603
633
582
601
541
651
604
588
604
592
603
603
597
594
625
597
602
602
603
584
602
605
604
643
540
586
617
577
564
621
635
603
603
588
646
622
591
618
646
632
625
617
623
626
556
607
559
549
582
578
586
598
568
603
603
600
606
610
626
659
554
604
595
593
588
584
580
576
571
593
580
591
631
550
606
556
619
587
652
557
659
653
581
620
658
579
648
646
637
653
647
650
557
605
572
540
585
619
557
643
621
635
643
651
541
647
659
651
643
639
642
653
648
651
641
642
644
571
641
639
644
639
636
642
641
640
641
641
645
637
646
637
578
638
651
638
638
642
639
640
643
642
642
639
646
651
602
640
548
646
642
655
641
648
640
636
639
640
635
637
635
643
645
657
643
639
642
640
643
638
641
644
641
639
641
641
638
652
645
641
641
638
638
639
638
640
642
638
603
612
611
607
557
583
622
555
608
573
632
616
621
625
634
588
657
615
657
621
583
555
555
554
659
602
598
652
546
653
612
642
649
556
582
550
659
555
642
651
567
641
546
617
543
580
623
589
607
615
564
559
582
576
617
598
545
580
561
660
601
578
649
585
585
566
561
605
605
604
604
604
604
634
569
570
618
639
607
660
658
645
604
596
541
584
562
589
570
611
590
629
593
610
582
639
644
585
557
631
604
617
574
545
589
617
580
557
627
629
628
619
618
607
603
592
542
607
608
608
622
617
621
544
629
594
607
591
632
615
579
650
573
596
605
566
549
592
592
573
550
572
592
583
658
614
595
577
608
659
605
605
605
605
636
636
636
636
636
605
605
636
605
605
605
604
582
562
552
582
608
634
656
609
609
603
582
618
651
587
660
547
581
574
597
550
645
577
613
574
604
629
598
628
655
654
613
576
612
623
541
651
610
634
617
572
542
579
605
553
600
558
556
554
552
566
602
576
574
540
565
552
588
563
552
594
565
564
540
554
600
597
607
574
614
619
657
625
623
583
567
586
554
557
574
590
601
577
601
550
647
626
596
548
569
555
555
624
612
658
625
581
581
632
614
642
612
542
589
644
575
545
651
572
573
618
632
605
576
549
599
586
596
653
549
659
544
626
572
571
613
600
612
588
630
553
627
616
627
633
628
627
650
644
576
589
602
596
624
589
638
599
641
635
632
623
625
616
607
602
610
540
633
592
564
540
585
622
642
549
618
583
557
645
636
583
546
587
576
599
596
589
622
570
541
631
581
598
541
647
581
583
589
653
589
599
654
613
548
593
644
576
602
602
602
602
602
602
630
619
605
607
623
616
634
547
614
543
633
621
576
550
552
544
561
583
605
596
648
647
608
551
579
542
574
579
602
589
544
606
612
638
556
546
581
593
598
557
547
584
597
543
592
605
583
608
621
548
652
608
590
573
607
617
544
631
615
567
612
550
563
627
542
627
623
648
647
545
541
598
542
546
573
616
570
571
558
659
609
605
628
574
628
603
652
643
606
552
632
547
616
540
546
654
545
546
583
578
600
594
603
616
636
552
542
601
553
626
599
594
613
644
657
591
545
588
657
587
639
596
583
607
607
547
586
552
634
649
543
633
625
555
543
611
596
619
564
547
622
562
631
572
577
601
565
565
555
555
555
626
570
613
602
577
660
589
593
559
556
552
597
603
620
595
592
622
609
584
622
657
555
550
551
578
659
657
576
654
642
543
623
567
596
547
570
576
612
639
604
636
643
545
616
617
550
573
545
569
550
595
567
588
546
581
632
651
607
614
618
605
650
544
603
654
633
604
641
548
624
590
587
647
648
558
607
606
606
610
548
621
542
607
549
635
610
563
542
655
541
581
580
570
541
594
655
576
643
644
585
640
636
578
574
592
575
627
601
605
611
540
612
599
647
603
603
603
604
635
572
588
550
600
581
568
554
549
620
550
578
590
559
621
654
612
605
605
604
643
654
651
622
638
630
625
608
605
608
606
606
615
614
616
615
605
606
606
614
612
605
605
605
604
605
606
605
605
617
615
613
604
605
616
615
612
615
605
604
615
624
568
603
649
645
550
583
614
608
608
546
656
617
640
635
569
657
583
624
658
633
581
570
584
594
626
604
647
601
586
616
608
619
605
604
556
645
622
635
598
648
642
633
606
627
546
606
606
628
631
629
633
629
635
626
629
638
629
629
635
628
639
629
582
577
588
628
619
626
638
591
635
596
629
636
634
628
638
627
602
649
628
573
628
636
629
627
633
628
630
628
628
629
628
634
572
628
630
632
632
586
628
638
644
553
640
634
635
637
631
558
636
631
630
648
632
631
635
630
641
637
637
630
646
637
578
629
630
628
634
630
630
629
647
635
630
562
635
629
629
629
628
630
642
628
630
637
630
636
639
629
636
587
629
636
630
630
632
630
628
627
629
628
631
628
629
628
629
628
640
631
630
629
631
627
631
629
589
630
630
640
637
543
646
637
630
630
641
629
646
653
639
630
649
547
634
645
599
586
631
630
632
629
630
638
644
644
644
632
633
554
642
640
541
639
564
606
640
651
640
602
640
640
639
638
642
637
636
635
635
634
633
637
645
644
639
631
636
632
637
631
636
630
636
630
638
639
559
585
630
630
629
639
631
648
642
631
645
635
633
629
550
639
644
632
632
631
630
634
639
631
629
646
634
629
630
630
637
630
630
629
630
629
630
629
650
634
629
630
631
629
629
632
646
629
632
628
642
645
627
639
629
643
629
640
636
647
645
646
582
644
647
637
594
647
641
631
631
637
631
631
639
644
590
638
652
627
643
620
631
637
648
642
650
648
628
643
627
647
547
647
628
632
645
644
566
630
629
639
640
597
640
644
598
643
591
630
657
644
637
630
636
629
635
630
636
630
646
631
646
641
630
641
597
631
636
629
647
637
630
647
638
632
647
644
644
647
646
637
646
620
623
629
645
625
573
638
648
631
611
564
596
629
637
638
636
631
630
626
638
563
631
638
588
631
631
630
645
638
630
636
637
630
637
630
643
639
631
630
630
630
631
631
637
629
631
631
629
631
631
653
556
642
601
620
635
635
636
630
635
636
638
637
601
610
618
541
548
594
656
621
615
605
629
542
640
597
582
589
607
641
558
630
542
594
635
546
619
591
549
543
621
557
619
593
627
652
613
551
591
544
558
620
617
566
587
645
629
562
587
611
628
617
619
642
639
604
659
646
581
593
644
593
605
597
653
620
641
584
604
637
635
607
615
614
636
659
541
579
644
581
595
595
552
557
585
643
629
578
615
558
638
635
584
546
590
644
617
655
626
625
591
602
612
617
551
599
651
593
626
647
544
610
544
541
573
660
576
585
596
647
590
624
652
606
566
581
568
552
659
639
626
645
641
579
604
593
559
597
613
608
643
608
597
545
547
544
621
611
569
591
618
541
619
571
624
616
625
623
643
624
622
625
622
647
606
601
593
601
555
609
632
624
600
566
601
549
614
620
638
609
548
603
631
613
601
647
601
617
624
595
590
609
614
614
608
574
597
637
546
654
616
567
576
599
551
564
644
606
632
575
623
551
547
567
593
597
549
652
588
648
587
562
619
547
649
549
570
551
540
589
633
621
626
607
595
577
607
573
564
596
585
567
652
609
570
585
577
554
638
576
584
620
657
610
549
576
576
622
579
596
552
564
609
597
581
615
592
616
604
605
617
612
561
568
606
598
582
630
601
653
597
633
607
616
602
609
540
540
618
585
555
569
646
657
645
550
611
576
608
595
627
627
644
564
548
593
613
655
583
581
573
577
599
638
633
613
556
577
634
593
653
598
577
594
554
592
596
639
551
589
583
541
574
614
615
560
601
610
584
608
627
610
591
624
541
607
617
644
574
589
548
657
584
579
625
579
612
621
552
549
631
599
601
559
592
593
620
644
596
550
548
615
593
607
549
540
584
590
611
631
587
565
563
544
634
574
553
558
589
653
587
584
600
574
576
588
595
575
583
577
554
558
551
543
582
553
633
552
563
573
586
586
576
554
587
631
601
594
646
541
657
605
638
609
606
595
581
550
629
584
627
584
641
631
599
597
588
656
611
608
580
572
607
585
570
547
608
608
602
613
604
564
548
614
608
584
606
617
610
612
604
654
601
626
542
655
554
607
599
633
611
646
565
628
563
596
597
601
630
614
600
624
640
583
548
625
642
640
610
575
645
540
614
577
647
595
642
579
607
594
607
564
639
588
596
580
581
566
597
594
595
598
608
608
575
573
571
654
580
580
577
573
635
587
581
599
608
581
607
634
568
598
602
607
557
542
622
586
606
615
559
636
541
636
651
622
547
653
592
596
579
594
637
560
595
636
620
652
586
654
651
650
648
615
623
583
