1773
1586
1814
1821
1578
1586
1817
1567
1668
1751
1815
1680
1606
1570
1834
1782
1570
1634
1628
1609
1795
1637
1599
1790
1705
1781
1668
1810
1831
1796
1824
1780
1776
1759
1688
1688
1793
1782
1706
1780
1655
1793
1688
1606
1608
1833
1669
1669
1679
1635
1777
1790
1775
1663
1799
1843
1784
1708
1783
1783
1789
1759
1785
1704
1784
1791
1775
1774
1802
1790
1790
1796
1779
1795
1674
1640
1626
1776
1844
1790
1803
1833
1828
1818
1693
1794
1792
1782
1782
1773
1793
1809
1800
1778
1783
1778
1730
1695
1831
1569
1777
1772
1791
1796
1773
1781
1729
1774
1834
1690
1784
1780
1653
1667
1775
1782
1600
1790
1780
1797
1778
1784
1650
1788
1746
1663
1778
1800
1688
1691
1792
1576
1684
1839
1773
1798
1780
1800
1778
1796
1794
1712
1592
1703
1801
1659
1771
1793
1784
1770
1647
1777
1799
1656
1786
1657
1804
1781
1787
1795
1776
1786
1777
1717
1778
1788
1777
1775
1791
1592
1783
1805
1782
1705
1782
1780
1568
1575
1804
1804
1789
1794
1784
1694
1785
1673
1788
1772
1809
1668
1758
1803
1810
1726
1789
1685
1795
1783
1656
1804
1772
1784
1785
1780
1795
1825
1805
1713
1678
1781
1780
1805
1850
1772
1803
1559
1794
1772
1592
1781
1785
1799
1630
1798
1782
1792
1808
1662
1777
1808
1696
1780
1608
1607
1560
1782
1773
1773
1690
1774
1771
1793
1587
1623
1779
1783
1792
1599
1560
1745
1556
1833
1776
1578
1732
1838
1556
1783
1719
1718
1812
1840
1818
1788
1797
1576
1820
1710
1705
1806
1804
1793
1627
1608
1589
1786
1773
1798
1682
1586
1586
1569
1802
1799
1779
1784
1799
1554
1839
1793
1803
1796
1567
1777
1796
1785
1721
1782
1781
1791
1779
1777
1777
1552
1822
1654
1782
1785
1773
1795
1794
1800
1796
1602
1788
1791
1792
1781
1797
1612
1791
1803
1797
1770
1610
1796
1707
1781
1789
1778
1777
1569
1769
1613
1780
1615
1780
1692
1601
1598
1591
1801
1815
1598
1774
1799
1775
1598
1618
1589
1602
1773
1774
1774
1787
1749
1795
1794
1787
1776
1796
1772
1774
1775
1789
1779
1776
1790
1784
1793
1795
1791
1641
1785
1784
1666
1771
1683
1836
1761
1761
1768
1762
1761
1762
1767
1761
1762
1762
1761
1779
1779
1810
1802
1802
1799
1802
1623
1798
1769
1776
1784
1778
1792
1782
1802
1789
1777
1786
1787
1794
1842
1784
1797
1790
1771
1784
1636
1783
1786
1780
1798
1809
1817
1677
1808
1792
1783
1780
1597
1677
1773
1800
1787
1794
1789
1800
1806
1579
1784
1802
1774
1780
1792
1788
1759
1810
1788
1799
1640
1782
1798
1777
1763
1773
1773
1795
1763
1766
1764
1762
1791
1768
1762
1769
1794
1783
1763
1794
1793
1784
1677
1574
1804
1779
1786
1771
1775
1779
1786
1786
1782
1769
1771
1781
1557
1797
1799
1783
1781
1792
1795
1773
1788
1773
1784
1774
1783
1784
1773
1778
1799
1771
1773
1792
1784
1772
1774
1779
1790
1785
1777
1772
1771
1787
1783
1785
1792
1792
1619
1779
1611
1667
1804
1571
1800
1781
1792
1770
1776
1779
1783
1781
1787
1788
1778
1792
1779
1797
1786
1792
1773
1799
1783
1771
1794
1790
1791
1783
1786
1784
1785
1784
1785
1785
1785
1790
1791
1791
1790
1792
1777
1592
1774
1784
1797
1845
1552
1696
1811
1553
1793
1787
1789
1784
1771
1781
1771
1770
1787
1799
1784
1808
1783
1775
1800
1783
1777
1788
1776
1800
1785
1786
1786
1785
1787
1778
1798
1777
1772
1792
1780
1789
1741
1792
1799
1775
1777
1779
1796
1647
1802
1797
1789
1787
1643
1827
1790
1801
1790
1776
1791
1777
1777
1777
1770
1770
1779
1780
1781
1777
1774
1785
1784
1783
1771
1785
1788
1837
1793
1783
1790
1569
1793
1626
1775
1778
1838
1804
1804
1806
1645
1833
1774
1783
1788
1796
1582
1786
1770
1790
1798
1790
1799
1791
1790
1789
1811
1787
1789
1790
1787
1794
1787
1770
1798
1789
1780
1751
1790
1798
1763
1817
1782
1799
1776
1808
1786
1794
1786
1794
1788
1789
1777
1795
1812
1780
1798
1809
1798
1769
1792
1775
1780
1561
1812
1780
1803
1626
1623
1613
1754
1674
1794
1551
1772
1570
1740
1752
1807
1646
1816
1789
1722
1569
1832
1693
1643
1702
1819
1560
1799
1801
1809
1837
1833
1829
1828
1826
1824
1822
1820
1816
1780
1616
1803
1590
1583
1591
1646
1639
1619
1807
1807
1815
1749
1786
1777
1569
1554
1807
1604
1673
1812
1806
1810
1811
1805
1711
1798
1775
1783
1777
1601
1564
1690
1843
1839
1607
1597
1660
1601
1611
1827
1817
1791
1798
1798
1799
1799
1798
1784
1785
1792
1649
1560
1765
1797
1607
1773
1593
1600
1757
1633
1638
1770
1687
1622
1648
1757
1823
1803
1575
1803
1771
1770
1774
1803
1803
1804
1805
1808
1778
1780
1809
1778
1771
1624
1805
1772
1797
1800
1563
1771
1641
1801
1778
1816
1789
1788
1798
1750
1748
1746
1744
1742
1741
1735
1732
1729
1791
1791
1791
1791
1791
1790
1789
1790
1790
1789
1605
1604
1596
1593
1592
1606
1791
1656
1608
1843
1742
1816
1638
1673
1604
1680
1720
1784
1842
1659
1593
1732
1599
1624
1620
1651
1615
1600
1564
1823
1609
1615
1792
1793
1593
1622
1656
1780
1772
1772
1786
1649
1648
1646
1645
1602
1600
1795
1749
1703
1782
1764
1711
1807
1796
1790
1797
1771
1610
1787
1793
1798
1775
1773
1791
1773
1843
1576
1790
1783
1800
1778
1771
1800
1676
1688
1738
1780
1655
1810
1786
1606
1729
1764
1678
1774
1802
1846
1594
1706
1795
1782
1736
1772
1801
1790
1619
1684
1783
1796
1796
1781
1676
1781
1650
1669
1660
1678
1665
1641
1586
1611
1805
1595
1552
1677
1604
1707
1650
1651
1577
1623
1712
1693
1664
1699
1622
1679
1774
1783
1604
1551
1687
1665
1698
1645
1773
1814
1685
1673
1710
1761
1710
1731
1710
1821
1555
1591
1784
1807
1742
1781
1778
1764
1792
1796
1552
1597
1747
1620
1839
1697
1627
1796
1780
1791
1800
1775
1775
1772
1800
1813
1810
1822
1779
1806
1794
1800
1744
1706
1735
1625
1810
1739
1683
1697
1757
1730
1596
1667
1693
1776
1618
1673
1788
1771
1780
1791
1608
1772
1733
1823
1800
1803
1774
1726
1597
1796
1747
1841
1841
1651
1790
1787
1770
1793
1778
1775
1771
1803
1794
1800
1797
1801
1803
1779
1803
1737
1770
1791
1775
1641
1681
1676
1580
1766
1723
1779
1797
1786
1589
1617
1791
1795
1775
1773
1781
1807
1780
1781
1787
1746
1794
1770
1798
1792
1797
1784
1792
1784
1797
1792
1787
1784
1791
1796
1629
1771
1789
1620
1573
1836
1786
1775
1775
1776
1779
1770
1799
1798
1797
1786
1610
1656
1781
1741
1660
1691
1792
1798
1781
1704
1649
1589
1795
1790
1796
1799
1669
1786
1595
1551
1550
1823
1807
1589
1746
1784
1794
1793
1830
1780
1807
1807
1809
1775
1718
1695
1793
1796
1701
1781
1729
1721
1725
1763
1747
1722
1802
1575
1849
1563
1772
1775
1735
1799
1649
1727
1601
1573
1569
1610
1616
1787
1783
1552
1784
1619
1694
1607
1795
1609
1790
1801
1739
1555
1674
1718
1588
1554
1802
1788
1786
1797
1840
1802
1782
1778
1787
1778
1785
1791
1795
1777
1784
1775
1773
1792
1793
1783
1734
1802
1827
1807
1828
1722
1785
1779
1742
1585
1753
1578
1715
1615
1753
1650
1811
1793
1782
1660
1584
1827
1758
1821
1653
1605
1601
1603
1785
1795
1798
1608
1659
1703
1799
1783
1654
1572
1779
1721
1658
1750
1751
1648
1735
1699
1638
1719
1622
1783
1767
1562
1561
1719
1802
1795
1552
1550
1563
1592
1800
1849
1772
1659
1588
1792
1795
1790
1632
1775
1777
1587
1779
1650
1681
1651
1652
1640
1744
1632
1680
1651
1750
1590
1582
1572
1798
1563
1652
1675
1790
1788
1772
1795
1775
1655
1745
1552
1589
1800
1801
1581
1782
1790
1755
1794
1805
1800
1756
1788
1790
1783
1721
1657
1808
1723
1778
1779
1832
1781
1712
1727
1778
1586
1836
1793
1777
1777
1778
1777
1796
1727
1651
1831
1831
1790
1726
1771
1775
1795
1654
1571
1786
1785
1773
1772
1615
1724
1792
1703
1773
1817
1705
1706
1696
1794
1695
1692
1677
1677
1677
1676
1676
1676
1676
1834
1834
1835
1835
1834
1833
1832
1831
1784
1783
1784
1787
1786
1785
1786
1789
1788
1788
1789
1788
1789
1789
1789
1788
1771
1780
1779
1777
1559
1589
1568
1557
1652
1559
1568
1639
1558
1569
1569
1756
1779
1801
1825
1849
1580
1651
1753
1805
1805
1720
1720
1720
1720
1736
1723
1736
1776
1662
1793
1779
1567
1640
1640
1660
1636
1675
1619
1626
1681
1630
1650
1651
1686
1550
1770
1773
1716
1818
1795
1788
1779
1779
1794
1799
1799
1779
1798
1779
1799
1839
1791
1770
1784
1805
1783
1722
1574
1711
1575
1645
1830
1727
1591
1622
1640
1608
1625
1720
1607
1723
1703
1661
1828
1850
1773
1628
1561
1835
1769
1703
1739
1618
1633
1674
1735
1729
1657
1614
1786
1598
1647
1775
1632
1640
1629
1625
1575
1585
1586
1783
1633
1567
1602
1669
1622
1782
1748
1605
1620
1614
1599
1611
1608
1775
1638
1551
1780
1738
1802
1772
1786
1785
1808
1776
1751
1798
1789
1752
1804
1782
1835
1797
1767
1712
1569
1774
1711
1698
1691
1697
1698
1694
1697
1691
1696
1698
1696
1839
1689
1684
1686
1605
1820
1778
1747
1798
1804
1791
1783
1645
1559
1787
1699
1767
1622
1625
1744
1798
1745
1786
1766
1783
1844
1819
1609
1778
1772
1816
1781
1827
1778
1786
1781
1782
1805
1719
1849
1762
1630
1553
1812
1753
1715
1764
1618
1805
1619
1672
1567
1765
1560
1780
1794
1789
1808
1738
1745
1764
1791
1800
1765
1690
1791
1642
1760
1713
1775
1777
1770
1790
1783
1788
1769
1766
1769
1776
1829
1773
1803
1786
1778
1824
1800
1799
1801
1785
1775
1787
1800
1847
1803
1800
1782
1773
1822
1801
1804
1798
1803
1831
1838
1610
1783
1782
1780
1779
1779
1778
1776
1775
1775
1774
1773
1772
1772
1797
1794
1786
1771
1643
1663
1566
1778
1772
1772
1847
1835
1619
1624
1785
1644
1591
1598
1693
1778
1612
1578
1800
1560
1800
1788
1582
1781
1783
1781
1797
1773
1792
1702
1843
1772
1641
1555
1759
1721
1770
1619
1556
1655
1690
1800
1558
1833
1839
1748
1731
1623
1797
1788
1648
1589
1579
1559
1598
1604
1564
1586
1587
1590
1574
1566
1776
1775
1603
1771
1794
1673
1811
1804
1652
1636
1595
1848
1699
1813
1846
1756
1628
1585
1758
1693
1847
1788
1626
1767
1696
1658
1706
1746
1678
1722
1722
1791
1751
1712
1656
1774
1708
1746
1746
1749
1668
1720
1720
1780
1720
1731
1770
1741
1812
1778
1641
1603
1843
1616
1794
1591
1738
1776
1783
1793
1778
1796
1737
1783
1788
1618
1607
1848
1710
1611
1793
1615
1780
1779
1660
1666
1579
1845
1675
1552
1653
1666
1743
1829
1635
1648
1660
1677
1587
1773
1795
1557
1698
1729
1713
1735
1746
1612
1639
1671
1637
1696
1717
1755
1795
1573
1779
1779
1779
1779
1779
1779
1779
1779
1780
1779
1779
1779
1779
1779
1780
1780
1779
1779
1780
1780
1780
1780
1780
1780
1778
1578
1789
1776
1774
1795
1826
1789
1595
1796
1791
1801
1782
1777
1827
1666
1807
1640
1585
1835
1786
1791
1617
1624
1782
1609
1793
1788
1558
1776
1664
1778
1793
1793
1781
1774
1775
1770
1781
1797
1796
1781
1772
1741
1737
1773
1751
1790
1738
1792
1646
1582
1793
1820
1848
1847
1772
1708
1783
1789
1710
1777
1801
1716
1742
1723
1723
1726
1791
1777
1692
1553
1737
1573
1776
1780
1775
1690
1614
1777
1814
1799
1712
1650
1702
1732
1843
1797
1616
1781
1780
1780
1718
1788
1711
1640
1827
1781
1631
1776
1788
1776
1788
1717
1828
1617
1812
1649
1638
1590
1719
1600
1736
1772
1587
1806
1683
1711
1635
1770
1596
1647
1794
1721
1824
1718
1707
1628
1590
1816
1563
1652
1787
1790
1556
1786
1641
1792
1629
1803
1632
1677
1582
1562
1816
1652
1659
1629
1577
1641
1608
1622
1618
1749
1763
1643
1723
1798
1563
1573
1559
1590
1578
1563
1784
1835
1553
1795
1800
1832
1756
1806
1784
1786
1806
1787
1700
1777
1791
1795
1805
1804
1652
1671
1791
1610
1843
1827
1805
1804
1787
1792
1787
1592
1594
1578
1649
1777
