2418
2755
4273
2790
3541
3654
3678
3342
2195
3506
2407
2534
2988
2784
2545
2352
3267
3046
2467
2602
2043
2524
1875
3154
3242
3191
2529
2925
3016
3572
3998
2448
2928
1616
3507
2530
4013
3240
2940
2806
2618
2940
1774
3606
3117
2935
1970
3458
2455
3047
4195
2516
3140
3299
2119
3213
2794
3529
3293
2904
4226
2394
3797
4121
3262
2968
3181
3243
3024
2304
2393
3294
2338
3265
3004
2782
2872
3318
3960
2220
3419
3058
3152
3839
2540
2328
2677
2943
2769
3346
3505
3354
2665
3473
2695
2068
3369
3814
3569
3024
3220
2544
3392
3473
2169
3419
2417
2496
3134
3875
3504
2318
3067
2035
2978
3493
2965
2966
2716
2425
2947
3345
3289
1923
3915
3421
2756
3287
2167
3362
2243
4055
3820
2514
3177
4616
2649
2009
4038
2301
2650
2335
1792
3039
2239
3952
3041
2016
2517
2522
2726
3112
2813
3573
2963
2717
3392
1890
1946
2179
3359
3157
2189
2900
4143
1973
2720
2990
3193
3679
2196
2893
4305
4890
3027
3053
3487
2607
3082
2621
3149
1560
4521
2976
2821
3554
3956
3265
2893
2909
3032
1771
3332
3968
3204
3013
3201
3390
2400
2854
2784
3197
3925
3498
3237
2961
2522
3124
2688
3048
3109
2536
3287
3553
3874
2492
2446
3242
3286
2759
2846
3626
3237
2996
1755
3452
3063
2121
2943
2422
3108
2840
2367
3112
3479
2970
3340
2774
2448
2292
2668
3224
3574
4293
3660
3748
2432
2472
3665
3341
2752
3638
2758
3495
2494
2484
2256
2258
3560
2905
3878
2438
2158
2889
2554
2800
3140
2722
2752
2827
3117
2627
3712
3598
2960
3441
3455
1588
2944
2681
3155
3398
2847
3141
2270
2239
2236
2217
2421
3475
2720
3724
2726
2844
2085
3272
3839
4044
3143
3704
3945
2980
3667
2960
2611
1923
3248
3366
3054
3543
2831
2913
3769
2404
1570
3560
2711
2161
2808
3488
3763
4210
3671
2934
2954
2538
3945
2053
2641
3627
2598
2609
2825
3392
2589
3946
2412
3391
2949
3047
2930
2563
2748
3152
2223
3489
3364
2679
2902
2483
3093
3804
3213
3791
2853
2658
3533
3327
2783
2455
2192
2928
2646
3242
1671
1852
1739
1538
2704
2765
2204
2247
3945
2399
2506
3075
1913
4085
3995
3132
2105
3267
2771
3526
2718
3669
3275
2981
2128
3357
3665
3206
3992
2626
3648
3485
2678
3017
3674
4148
2880
4365
2780
3116
2843
2333
2600
3241
3863
3461
2793
2613
2875
3981
2426
2443
2532
2601
2582
2639
2941
2081
2519
3245
3038
3840
4121
2816
3616
1489
2806
4366
3602
2532
2352
2907
2274
3286
1948
2133
3021
1973
3288
3184
3264
3007
2836
3468
3719
2650
2549
3090
3689
2371
2673
3023
3599
2860
2417
2516
3485
2190
2616
2964
2802
2742
3479
2080
4041
2208
2966
2601
2909
3262
2595
3425
3499
2834
3601
2574
3761
3920
3431
3742
2620
2774
3190
3532
2611
2837
2864
2393
2188
3620
3483
3274
4505
3061
3436
2256
4251
2479
2770
3521
2956
3822
3005
3463
3176
2541
2801
3223
4432
3191
2811
3160
2645
3991
2540
3707
2971
3916
3426
3807
3079
3582
2383
3347
2869
3366
3136
2607
4011
2926
2646
3892
2924
2777
2619
2381
3011
3282
2442
3012
3794
4988
3568
2745
2585
1400
3492
2168
3000
2798
2703
4298
3160
3371
2495
2931
2583
3067
3119
2404
2546
2911
2673
3003
1923
3510
4015
2349
3169
2637
2441
2072
2426
3666
4194
2910
3514
3372
2103
3519
2682
2939
3421
3437
2808
2338
3416
3712
2782
2305
3529
2812
3268
3328
3704
2460
3124
2009
2959
2740
2361
3892
3590
3801
2151
2840
2418
4078
2244
2928
2456
3388
2103
2963
3066
3323
3546
2465
2699
2936
3800
2329
2486
2992
2420
2380
2980
2755
2732
4066
3952
3176
3788
3317
2546
2130
2684
2663
2559
3280
2540
2950
3063
4284
2813
2541
2626
2373
3181
2860
2848
3142
2435
2852
3663
2789
1935
3047
2756
2569
1419
2450
3243
2690
2371
2222
2409
3028
2396
3031
1935
2305
3969
2705
2360
2841
2558
2550
3972
1973
2505
3020
2461
3508
2743
2597
3719
2955
3130
3505
2451
3344
3153
3280
2474
2969
3542
2606
2545
2948
2981
2741
3457
3650
2764
2837
2804
2826
2826
2639
2418
2571
3263
2804
3310
2947
2152
2367
2477
3627
3634
3509
3283
2071
2643
2403
2900
2635
1976
3081
3397
3529
2694
3179
2618
2803
3258
3169
2054
2041
2487
3561
2093
3468
3161
3846
2288
2691
3179
3159
3788
2953
2855
2856
2929
2019
3304
3894
2944
2627
4073
2639
2861
2582
2938
2892
2165
3383
3547
3062
3583
2470
3147
3759
3279
4234
2940
3627
2582
2604
2576
3289
3113
4014
4169
2664
3078
3030
2347
3471
2409
3397
1937
3276
3001
3403
3996
3332
3063
3353
2352
2942
2973
3862
2566
3992
2048
2106
2840
2696
3520
2743
3341
3717
2917
2804
2636
3161
2891
2802
2321
2549
3133
2964
3532
1428
2712
2718
2228
2734
3785
3749
2588
2030
2946
3690
3886
3061
3193
3107
2762
2922
3077
3625
3387
3412
2841
3130
3118
3061
2667
4159
3169
3156
3679
2580
1618
3522
3884
3224
2855
4078
1474
2234
3830
3638
3304
3605
3814
2720
2376
2339
3108
2848
2851
3454
3096
3122
3193
3135
3159
1598
2895
2683
3041
3080
2618
4064
3103
4258
2987
4467
2874
3167
3922
3071
2711
3372
3424
3749
2969
3022
3515
2785
3798
2114
2868
2925
3024
1760
2055
3167
2085
4002
3408
3185
2966
3407
2328
3301
2328
3973
4051
3542
2014
2379
2841
2302
3168
2976
2587
3774
2704
2576
2937
4225
1942
2581
2406
2097
3764
2697
3376
4061
2671
2148
2822
2247
2438
3488
3457
3689
3032
3356
2552
1905
3062
1859
3363
3374
2659
2229
3659
2413
3654
3790
3379
2622
2235
4036
2809
4055
3487
2434
3542
3128
2918
2693
2058
3677
1844
3278
3232
2944
2468
3243
2389
3777
3011
2810
2454
1879
2748
2559
3872
2987
2987
3422
3774
3117
2676
3809
4393
3166
2126
4568
3643
3502
3169
2611
2635
3610
1895
3033
2540
3190
3293
2845
1500
2426
2760
3499
2689
1836
2251
2834
3434
3960
2908
1896
3311
3271
3102
2767
3438
2903
3077
4172
3297
2723
3508
3827
3770
3339
3312
2885
1770
2144
2842
3564
2262
2140
3980
3659
3140
2730
3148
3079
3096
3581
2799
3386
3112
2829
2076
2122
3099
2796
2164
3575
3410
2463
2922
2734
3014
2699
2483
3352
3865
2886
2225
4133
3638
3381
3521
3701
3610
2336
1739
2833
2666
2694
2328
2472
2790
3017
4158
2917
2153
3111
2186
3608
2945
3630
3649
3281
2757
2768
3384
3180
3185
2262
2135
3186
3482
2388
3876
2765
3847
1819
3279
3869
3847
2680
2945
2903
3271
3829
3859
3528
3211
3677
2751
2208
3148
2586
3996
3153
2688
2825
2905
4783
3746
3604
3694
1773
2089
3444
2931
2871
3427
2689
3077
3876
3329
2333
2432
2070
3293
2488
3425
1881
3191
3155
2410
2837
3573
2228
2983
3172
3901
3159
2717
2897
2226
3496
2309
3007
3304
2067
2544
2070
2386
3778
2099
2901
2484
3619
3851
1370
3312
3219
2276
2317
3450
2788
3436
3160
4419
2823
2324
4462
3324
2924
2269
2276
3911
2616
3017
2093
3258
2227
2437
3116
2451
3170
2760
3600
2947
3217
2890
2707
1884
3264
2892
2262
2715
3680
2625
2770
2096
2221
3181
2630
2807
3469
2375
3317
2457
3590
3083
2709
3043
2957
3128
2847
2851
3553
2770
1458
2457
2937
3537
2530
2158
2865
2664
2183
3084
4251
2978
2592
3494
3165
4091
2577
4052
3764
2287
2102
2174
3224
3909
3123
3883
2963
3681
3171
3184
3417
1973
2969
2695
2294
3073
3532
2898
3366
3158
4217
3037
2525
3657
3626
2765
3601
4039
2373
3156
2488
2867
2967
3274
4081
2731
3908
3509
3631
3225
3220
3378
3435
3008
2612
3344
3842
2989
3450
3092
3410
2764
2509
2972
3098
2859
2382
3283
2348
3410
2208
3336
4277
3322
4075
2735
2803
3113
3285
3481
4742
3455
2565
2983
2122
2550
4153
2042
2655
3423
2624
2653
2972
4192
3359
3633
3846
1802
3292
3030
3452
3612
3276
2572
3170
3945
2489
2711
3094
3231
3288
2749
3769
2455
3269
3507
1943
3075
2347
2562
2846
3319
3196
2694
2295
3301
2201
3827
3842
2348
2656
3342
2394
3274
2948
2800
3131
3427
3660
2222
3561
3449
3480
4228
3501
2610
3596
3263
2976
3029
3429
2971
3081
2628
2324
3038
3166
2409
3059
2332
3533
1583
2372
2942
3305
3607
3536
2326
2276
3305
3505
2472
2534
3484
2406
2660
3306
2272
2832
3359
3025
3279
3079
2210
2492
2972
1970
2601
4211
2718
2828
3324
2729
3529
3110
2213
3152
3315
3541
3740
2584
2646
2373
3535
2941
2784
3013
2366
2060
3168
4480
3003
2918
2253
3237
2348
2687
3224
2875
2573
1605
3359
3302
3053
3481
3368
3698
2703
3201
2465
4131
2961
2786
2791
3116
2699
3584
3651
2283
3245
2668
3662
3059
4242
3286
2530
4039
2637
1987
3417
1839
2816
3555
2260
4481
2863
3033
2419
2738
2361
2831
2749
3202
2973
4584
2999
3601
2970
3899
3579
4540
1933
2655
3664
3686
3103
3111
3376
3457
2977
2495
3031
2810
3179
2641
3960
2653
3218
2549
2739
2837
2636
2734
3247
2700
3157
3614
3036
3502
1991
3281
2485
2178
3847
2322
2666
2398
3261
3992
2092
2894
4101
3340
4087
3572
3162
2841
2259
3676
3122
3204
3216
3423
4045
2409
2945
3800
3352
3688
2314
3692
2609
4142
2741
2307
3307
4132
2308
3765
3125
2475
3265
3943
2542
3866
2798
3149
2752
3590
2648
3541
2038
2523
3083
3095
3505
4102
4142
3066
3244
3814
3720
3252
3797
3538
2929
2185
2337
2745
1649
2938
2947
3057
2619
3036
3114
2716
2997
4301
3088
2743
3349
2991
3148
3083
2972
2136
2734
2627
3051
1867
3115
3397
3215
3661
2814
3331
2971
2235
3296
2607
3638
3454
4019
1864
3089
2779
2891
4219
2421
2645
2911
2003
3081
2791
2140
3092
4178
1789
1744
2938
2228
3189
3368
4225
3045
2753
3370
3154
3461
2336
3397
2174
3644
3347
2872
2816
3155
3251
2350
3242
3219
2666
2422
3831
2547
3599
2548
1975
4399
2551
3142
3196
2969
3675
3034
2657
3751
3161
2980
1989
2610
2995
3153
2227
2528
2850
3174
2710
3166
3022
3446
2230
3045
3603
2575
1264
2653
3285
1978
3490
3749
1741
3123
3974
3662
4049
2920
2880
4023
2862
3869
2950
2910
2623
1957
3161
3095
2341
3474
3447
4166
3029
3595
2122
4048
2713
2049
2749
1720
3031
2097
2661
4212
4039
2351
2785
2224
4296
4209
2760
2876
2187
3612
2838
3217
3277
2450
2593
3599
2539
2482
3430
4535
2033
2234
3094
2906
1632
2399
1827
2458
2642
3224
3669
2294
3013
2477
3103
2676
2665
3061
1571
2728
2754
3472
3014
3091
2945
2067
2432
1939
3433
2198
3042
2438
2874
3114
3491
3247
2539
2974
3548
3050
2419
1880
2866
2280
2437
2904
2652
2960
2555
3156
3124
2900
3531
3355
2246
3272
2348
3389
2854
2866
1478
3009
2686
3244
2438
2276
2255
3316
3633
1969
2810
2923
2543
3867
2804
2223
3561
2698
3193
2853
3339
2890
3096
3597
2666
3688
3755
3360
3356
1681
3259
3785
2709
3079
2677
3369
3882
2900
2920
2785
2229
3056
3047
2093
3532
3456
2678
2750
2446
3446
3670
2656
2588
3450
3050
3758
3388
3992
2322
2625
2468
3674
3434
3556
4179
4020
4011
4066
2750
3643
3481
1745
3054
3047
3813
2881
3326
2405
3815
1752
3104
3266
3339
2756
3159
3110
1865
3400
3494
2637
3059
2048
2179
1701
2982
2341
2496
3072
3138
4274
3300
3089
2789
2626
3025
1852
2728
4022
2460
3376
3337
3455
2500
3060
2968
3796
3654
2742
3412
3815
2834
3849
2588
2838
3499
2406
4545
2995
2646
3674
3750
3102
3042
2395
2016
3420
3555
2847
3529
3030
2841
1884
3358
