3723
2181
3836
3568
2511
2752
3634
3555
2816
2880
3270
2090
2735
1603
3447
3681
3512
3462
3710
3647
3589
3082
3017
3324
2852
2178
2714
2728
3318
3260
1233
2828
3247
3432
2506
2435
2868
3699
3304
2492
4195
2631
3234
3188
4053
3172
2697
2419
3293
2185
2853
3198
2868
2176
3130
2709
2827
2170
2660
3769
3454
2421
3919
2492
2963
2853
3224
2407
2498
3803
3118
2687
2665
1512
3479
3524
3622
3589
2467
3218
3151
2667
2098
4394
3585
4012
2432
2793
3258
2642
5370
2365
3196
2473
2490
3619
3075
3511
2844
3195
2518
3152
2902
1839
2637
2158
3250
3481
3528
2957
2515
2798
4281
3576
3442
4534
2089
3289
2074
3025
2898
3095
2763
1816
3471
3085
3307
2485
2992
2012
2689
1955
3690
2953
2735
3783
3585
2079
2711
2835
2764
2638
3394
3060
2559
2718
4003
3228
3667
2991
3146
3158
3001
2197
3447
3231
2757
2128
2598
3327
2882
2794
2146
4098
3019
3813
3350
3544
2750
3172
2814
3252
3781
2985
2573
2900
3378
1523
2550
2383
3429
2413
3330
2859
3412
3815
2465
2758
2816
2960
3670
2684
1994
2861
2437
3547
2769
3563
3485
2361
2348
2981
2948
2743
2211
2932
4084
1946
2874
2921
3638
3935
3411
3429
1886
2948
2077
2891
2564
1942
2647
2932
3052
2841
3476
2498
2216
2452
2944
3325
2674
3485
2763
2307
2211
3105
3534
1850
3473
2620
2954
2340
2732
3057
2834
3014
2167
3256
2761
1970
3082
2027
2457
2995
3750
2308
2739
2953
3951
2571
3321
2878
3024
3133
2938
2262
2534
3746
1266
2860
3977
2126
2432
4193
2772
3366
3705
2725
3233
3540
3695
3055
3624
3093
2846
3058
2592
3901
2246
3907
3003
3050
2994
2311
3160
3277
3182
2649
3218
2909
3534
3771
3024
3662
3774
3112
3212
2313
2960
3358
2533
2309
3169
3101
3631
2537
2966
2839
3238
3025
3076
3204
3768
2536
2451
3551
2759
3078
3770
4408
3476
2274
2675
2211
3093
2910
3307
3567
2872
3633
2482
2179
3508
2111
2753
3038
2522
2550
3428
2790
2122
3496
3072
2551
2499
3486
2599
3518
4464
1820
3087
3045
2923
2726
3020
2574
2787
3088
3181
1910
3432
1715
3364
4183
3819
3030
2597
3271
3342
2793
1967
2845
3220
4037
2705
2467
2513
4062
4305
3437
3296
2378
2102
2027
1901
4638
2786
3386
3064
3365
1930
3069
3553
3075
2641
2698
2679
3083
3830
2901
3247
3496
3375
3930
3713
3363
3216
3211
2710
2630
2967
2970
2220
3197
2691
1885
3592
2270
3576
1704
3052
2934
3762
2935
3059
1960
3559
3475
3777
4142
2734
2864
3167
2739
1966
3080
3038
3340
3436
2532
2732
3121
3424
1865
3478
3507
2640
3967
3136
3130
3264
2953
2750
2498
2930
2782
4056
2917
1342
3621
3642
3216
3660
2208
3421
3393
3387
2778
3012
4045
2389
3747
2072
3357
3105
3303
3316
3336
2693
3082
2135
1775
2702
2100
3179
2877
4071
3457
2813
2598
2529
3093
3408
4331
3259
2994
3210
2437
2386
3543
2784
3557
3281
3536
3193
3353
2242
3377
4040
2869
2880
2815
2729
3496
3316
2457
4019
2111
3263
2934
1462
3055
3557
3131
3326
3433
2757
1790
1235
3193
3121
2867
2625
2843
3354
1559
2264
2792
2260
3114
3661
3826
2698
2802
2741
4154
2454
2666
3196
3709
2844
2685
3718
3183
2102
2231
3138
2748
3566
2919
2836
3328
2737
2633
2961
3659
2589
2364
2131
4255
4258
2646
2923
2169
3463
3867
3541
2864
3941
3796
2333
3093
3811
2154
2299
3748
2222
1761
3851
3885
3284
2306
3309
3152
2626
2611
2829
3628
3604
2627
2783
3777
3000
3397
3738
4294
3851
3067
3618
3694
3338
2700
3385
3703
3488
2501
2458
3860
2714
4011
2477
3275
2117
2802
2960
3533
3113
2836
2810
3573
4595
3102
2645
4061
2505
2863
2724
2647
3739
1888
3343
3171
3327
2760
3129
3571
2430
2684
2636
3018
2816
2302
3259
1827
2271
3474
2726
1651
2396
3750
3380
3006
2698
3386
2827
2121
4134
3390
3042
3317
3082
3830
3489
2618
3408
3598
2190
2949
3278
2737
3217
3247
2881
2456
3084
2999
3791
4063
3543
3128
2223
2490
2326
2573
2428
2941
1691
2889
3141
1884
3506
3754
2621
2430
3484
2572
3278
2284
3158
3195
2479
2373
2544
2851
2210
3565
2703
3127
1897
3569
2497
3327
3285
3660
4290
2627
2346
2161
2230
3138
2725
3142
2893
3640
4062
2004
2909
1976
1785
3253
3157
4251
2984
3541
3392
2377
2983
2833
3076
3682
2716
2744
2761
2360
2044
2877
3565
3581
2049
3838
2407
3521
3697
3442
3105
3188
3603
3517
3604
3439
2719
3448
3029
3321
2474
3753
2478
2562
2864
2440
2902
2262
3030
2196
2769
3852
3544
2689
3405
3128
3185
3293
3639
3160
2781
3213
2581
4168
4440
3681
2544
3310
1729
2272
2918
2189
2998
3074
2604
3627
2217
2125
3652
3766
2795
3106
2454
2293
3270
2930
3404
3288
2307
2804
2808
2571
3207
2599
2851
4618
1958
4163
1745
3385
4056
2699
3707
2877
2343
4384
2059
2804
2498
2989
3234
2564
3107
2526
2410
2575
2771
4092
3507
3205
3633
3361
2336
4217
3374
3011
2888
2262
4016
3283
4226
2872
3396
3095
3259
3502
1843
3235
2965
3590
4380
2585
3463
2518
1787
2801
3571
3291
3129
2587
2792
3515
3938
1866
3841
3181
2449
3262
3149
3545
3180
3097
3303
3256
2687
2706
3008
3237
3719
2726
3659
1631
3059
3327
4544
2474
3126
2590
2224
3025
3199
3718
2885
3427
3371
2996
3040
3611
3227
3500
2520
2466
2072
2670
3478
3546
3466
2470
2946
3905
3541
2901
2926
3505
2886
3415
3978
2767
3181
2691
2501
3141
3665
2930
2977
3284
2898
3021
2567
2893
4109
2897
3480
2317
3332
2073
2987
3043
3393
3315
3680
3144
2612
3234
3088
2968
2917
1932
3475
2339
3344
1898
3027
4215
3056
3144
3290
3635
2783
3638
2604
3166
2265
4341
1672
2166
2750
2614
3474
2446
3060
2265
3241
3731
3525
2175
2353
2961
2646
3279
2874
3846
3194
4196
3089
2799
3487
3395
2837
3685
2717
1577
3695
3094
2644
2484
2680
3156
3291
2657
1772
1868
2157
1918
2676
2955
4286
3470
2413
4004
2425
3276
3081
3453
2085
2839
2070
2389
3076
3967
4070
2990
3741
2504
2935
3179
3383
3858
4115
2181
3487
3903
3288
2735
3873
2373
3022
3370
2923
2646
2368
2385
3010
2718
3137
3253
2233
2498
2962
2393
3541
1816
3620
2733
2893
2929
4038
3806
3460
1873
2872
2451
2877
3763
3221
2967
3030
3521
2766
3608
3320
2961
3291
2805
3704
2656
3704
3655
3869
2712
3645
2537
2326
2885
2958
2861
2630
2624
4370
2656
2658
2372
3794
3660
2480
3685
2727
2773
3224
2437
2646
1871
2631
2915
2647
3210
2976
2156
3666
2568
3007
3314
3281
1863
3552
2768
3900
3052
2852
2954
2890
2994
3888
3521
3177
2333
2591
2727
3898
3806
3608
3449
2409
3193
3172
2716
2725
2871
3405
3141
1874
4537
2575
3667
2367
2590
3798
3036
4423
3451
2899
2797
2873
2485
3186
2611
2479
2488
2317
2245
3743
2424
3093
2810
2989
2631
2884
2837
2475
2896
2750
4015
2586
2369
2660
3531
2744
2161
3709
2468
4104
3573
3268
3374
2538
3739
3400
2830
2152
2992
2726
3143
3361
3026
3488
3386
3644
3115
2264
2922
3474
2570
2651
3619
2236
3270
3188
2608
2945
2194
3677
3061
2995
2316
3263
3101
2280
2610
2520
2443
1751
2333
3203
2917
3189
3443
2508
3665
3653
3198
3138
3044
3757
3362
2977
2838
2383
2429
2601
3039
3325
3322
2367
2563
2751
2190
3307
3351
2525
2655
3193
3229
3135
2289
3230
1910
3454
3457
3539
2583
2947
4009
4060
2460
4659
2561
1728
2428
2662
3528
2713
2904
3555
2893
3476
3139
1948
2940
3017
3968
2983
2494
3754
2689
2530
2894
2502
3267
2022
2596
2513
3044
2438
3026
2860
2284
2929
2471
3710
2852
2459
3465
3013
3566
3194
2991
3168
2488
2533
2420
2279
3319
3099
3815
3276
3317
2739
3389
3631
3559
3069
3161
3717
1718
2934
3682
3773
4706
3351
4187
3192
3029
3179
3307
3851
3674
2986
3122
3243
2826
2386
2973
4231
2615
2783
3078
2025
3004
3063
3059
2249
4000
2484
3174
3745
3917
2837
2025
3833
4533
3399
3332
3852
2978
3177
3436
2903
2326
3636
2932
3223
3611
3204
2882
3350
2482
2078
3064
3903
3631
2487
1965
3493
3404
2802
2199
2755
3124
3167
2761
2514
2684
1948
2353
3627
2668
2476
2076
3665
2901
3973
3397
2465
5035
2166
2707
2823
2567
2743
2726
3109
2409
3979
2279
2450
1858
3800
3495
3024
3291
2310
2408
3111
4177
3367
3375
2500
3588
2968
3980
3235
2971
2582
2752
3056
2982
3913
2953
3110
2741
3007
3824
2466
3506
3806
3631
3146
3408
2114
2706
3421
2873
2659
4100
2852
3419
3418
3844
3209
2229
2185
2366
2134
2883
3001
3097
2056
2765
2471
3428
3379
3541
3166
2985
3102
2487
2168
3638
1390
2534
2883
2802
3747
3359
3284
2126
1528
3371
2616
2965
1980
3555
2487
2717
2944
3220
2694
3584
3075
2153
3563
2643
3065
3812
2501
2727
2648
3090
3311
1934
4005
2445
3306
3662
2646
4038
3141
3011
2737
3437
3572
2312
2618
3050
2387
2731
3327
3050
2637
2091
3330
2143
3018
2699
1494
3306
2326
3098
3257
3558
3649
3380
3169
3208
3598
2948
3854
2358
2726
3896
3111
2202
3685
2455
2816
3554
3355
2649
3673
2811
3182
3732
3615
2769
2129
4629
3513
2570
3015
2861
2292
2926
3265
3504
3234
3548
4032
2577
2880
3940
2019
2035
1751
2705
2727
2324
2950
2410
1901
2532
3383
2908
2707
2267
3915
2796
2763
3072
3708
3048
2846
2658
2478
3038
3152
3115
3537
3533
3042
3201
2503
2042
2664
1288
3037
1580
3547
3034
3212
3681
2880
2120
2940
3630
3310
3048
3335
3425
3479
2973
3100
1786
3165
2533
2735
2673
3725
2598
2688
3439
3698
2907
2789
3108
2531
2699
2499
2303
2272
2961
3059
3914
2932
3053
4319
2138
2312
2834
2715
3156
3906
2876
2592
3162
2757
3147
3746
3287
3362
3570
3924
3681
2980
2552
3104
3594
2600
3062
2337
2001
3804
3919
2446
2414
3315
2460
3912
1555
3960
2935
2809
3066
3124
2661
1879
3315
3628
3845
3508
3526
3800
3566
3269
4099
3219
3646
4054
2670
3988
2292
3500
2763
2424
2870
3172
2655
3034
3256
3885
3403
2251
1998
3110
2957
3273
3306
3092
3357
2088
3099
1645
3250
3251
3772
2828
2654
1609
3188
2926
1956
3554
3209
3007
3112
3116
2617
3459
4134
2652
3290
3424
1726
4345
3056
2711
2784
1852
3817
3481
2460
2963
3086
3196
3989
2554
2884
2369
3847
2413
2924
4504
3078
2013
3766
2293
2939
3470
3138
3258
2925
2482
3631
3502
3327
1659
3329
2822
2783
2733
2695
3154
3364
2752
2562
3829
3076
2858
3156
2525
3073
3177
3673
2961
3811
3355
2391
3269
4267
2602
4288
2413
2675
3008
2152
2269
2842
3566
3394
3172
3050
2453
3442
3479
1486
3389
1986
2531
3520
1959
3017
2926
3081
3024
2692
2809
3080
3475
3209
3937
3173
3492
3145
3635
3567
2587
3095
1904
3246
3646
3012
3009
4036
3179
3138
3846
1532
3837
3564
4907
2712
2109
2422
3502
2844
2546
3040
2618
3048
3325
3175
3692
2968
2809
2965
2134
2642
2534
2822
3805
3248
4295
3190
3231
2922
2912
1963
2344
2648
2579
2436
2237
3148
1602
3014
3269
3899
3919
3425
2429
2871
3939
2146
3128
2930
2587
2287
2553
3213
2334
2961
2254
2727
2798
3183
3707
1983
2180
2514
3131
3339
2483
3293
2880
2201
1676
2437
3681
3150
2535
2723
3221
2719
2742
2515
2603
2921
1879
3696
3931
3096
3888
2348
3768
2680
3636
2372
2887
4047
1500
2936
2165
2718
3136
3010
3639
3354
3957
2915
3408
2834
3699
2746
2962
3299
3014
3466
