3322
2228
2190
1803
2653
3505
3336
4054
3107
5575
4201
2871
3017
1824
1904
4317
2616
5843
4355
2756
1622
5995
7065
2617
2750
3131
2974
2816
2025
3088
3079
3916
1979
1723
4755
1637
2577
2203
1778
1916
1590
2374
1099
2764
2576
8306
4492
2121
7174
2519
3430
3492
2005
7385
2144
6226
1377
1579
2763
1937
832
1714
2710
1710
2963
1297
1350
1740
2719
2688
2505
1796
4358
3428
2039
2006
2398
2697
3275
2287
1760
1021
1953
2515
878
2868
944
3830
3977
3440
4518
2003
1388
2626
1805
2386
5262
6086
2882
2189
2109
2247
6278
1432
2257
2580
5011
3840
1425
1980
1881
1797
3084
2389
2928
4727
5782
2107
4927
1989
3511
2743
4364
1914
2716
945
2869
2223
2013
1597
1678
2737
3299
3422
4989
3105
1303
2884
2511
4054
2180
1760
3392
3435
2281
1398
2365
1866
959
2198
2336
2771
5281
4216
1870
1768
2337
4218
3602
1942
1793
4234
2146
1722
4691
1805
2714
9005
4408
2261
3010
2736
3232
4238
2190
1383
2330
5878
2236
3683
2058
1408
3416
2787
1864
3396
2620
3962
2065
1189
1742
2050
2367
5277
4561
2264
3323
2255
3434
3114
2169
5293
5525
3137
1081
1254
3463
3278
3201
1487
1348
2819
3512
3186
2222
876
2061
2623
1963
1625
1325
6255
3005
1608
5352
2934
2118
2563
3307
1079
1931
1258
6698
4005
1966
1104
3404
2703
3858
1627
2261
2208
2161
3359
1912
1673
1663
3252
2667
3658
1172
2804
3155
5042
2462
1681
1600
3069
3367
3236
2019
1483
1515
1136
1974
3337
1084
4917
5629
4481
2588
3436
4782
901
3104
3980
2509
1777
3514
3296
3279
3322
6111
5029
2250
2503
6526
3071
2322
2102
1902
1541
2536
7247
3960
3128
7481
2169
2321
4353
2060
3799
1311
2278
4754
2482
3744
3405
2009
4441
1777
3105
4589
1525
1959
2550
1466
1981
2842
894
3784
1947
3810
5437
2949
3589
2681
4279
2444
3053
1287
7664
1990
981
3176
2114
3064
1783
1846
1051
1129
1138
2634
3754
6486
3713
2762
3902
2061
3035
4011
2380
3933
2181
2440
3827
1147
1424
1523
3380
1610
1546
4660
3463
1323
3640
7664
1973
1643
1413
2071
3248
2271
2815
1799
4981
4422
6165
1845
3857
4114
4083
5314
2553
2323
2922
1262
3436
2156
5390
2538
3033
2557
4614
5543
5491
3694
2158
1657
4738
2197
3589
4110
2388
2217
2358
3820
5914
1020
4344
2367
4312
1672
2241
1229
1382
2608
5150
6530
3148
3263
3738
4633
2179
2191
1898
2571
1974
2661
849
1180
3591
3126
7940
6067
3139
3030
4802
4395
1124
2034
4473
2377
3324
2225
1921
4131
5010
2333
3462
1512
1825
1558
4425
1712
3104
3017
4503
2953
2547
2620
1912
5093
2121
7272
835
2012
4341
1730
1664
1393
2278
2347
4829
3633
3091
2568
1445
1405
1775
3235
3745
652
4097
4515
3361
962
1885
2477
2046
3789
3291
2406
1019
3229
3515
4487
1451
2593
10148
4948
1887
2585
3136
2978
3383
1749
1058
3742
3690
2752
8447
951
1913
3625
2579
2035
5086
1777
3352
2828
1736
4164
3449
2339
1526
2305
3551
3667
1975
1684
2113
2417
1648
1370
2303
2338
1385
5334
1120
4093
4441
6728
1625
1987
3467
3206
2288
2141
1870
5791
3037
971
5281
5437
769
4242
2955
7547
3014
2250
3055
5767
1354
2966
4351
3911
3780
7504
3069
2314
1954
3222
2994
2850
1880
1903
3824
2476
2486
1107
770
2389
5258
3623
1760
3789
2099
3581
2392
4981
1653
6649
2021
2113
1411
1232
2503
2406
1637
2333
1413
3895
1259
6470
2773
6482
1123
2651
1588
4332
3980
1679
6450
4529
3432
3005
2163
4291
3996
2588
1189
4762
6984
1336
4244
2522
6506
7910
5683
760
4349
1923
1805
3813
6819
1794
2259
3924
2573
5789
1553
1807
3885
3380
3283
6488
2238
1490
5352
1952
1819
3080
5148
4025
1611
2800
2392
1946
1346
5510
10489
2038
3154
3359
3743
4368
1223
845
2311
3622
3188
5909
3891
4772
9382
2072
2996
2193
1641
2021
2079
2867
1565
2323
3591
2107
5842
2114
6716
3250
3006
3868
1710
4875
2158
867
3681
1111
2285
6398
2514
2707
2861
2486
1545
920
2312
2689
1832
4066
1732
4548
4739
3011
1977
6349
2642
1328
2185
2140
4498
3109
4400
2551
1898
1765
2874
6846
7624
1521
5173
1239
2441
2862
1979
1809
4606
2323
3046
1812
1840
3172
4233
2462
3751
3310
3161
2915
5587
2006
2812
1013
1553
5847
2102
2596
3014
2721
2427
2635
1588
4613
2947
2195
1554
3292
3131
2960
1436
2482
907
1674
3679
3347
4609
1901
4434
2666
2168
2244
1816
2589
2327
1752
1186
11077
3634
1969
3142
1220
4936
1944
6068
4738
2374
2816
1302
1449
1653
3894
3104
4532
4394
3720
4351
1502
3560
3143
7235
8819
5724
4324
3187
4362
2292
3073
2746
3643
4351
2031
4530
2658
1432
9476
3904
2291
2706
3737
1928
2827
2057
5927
3429
1456
899
3937
4512
3608
3136
4137
1903
4345
1198
4401
3408
4233
3537
3587
2353
1622
2004
2218
2343
1974
2216
4418
2109
11764
1696
5226
1804
4514
3872
2388
3418
3799
3638
1284
6033
4131
2021
2301
12182
4305
1954
3700
2342
2268
3961
3521
3836
2873
1788
2966
2490
2880
887
1261
3702
3767
2315
2267
1838
3362
3460
3459
2622
3203
2023
5230
3216
1390
3696
1305
5060
2765
1175
1201
2042
5008
1717
3086
2021
3932
13140
1580
6903
1417
4152
1716
3200
1813
1580
6532
2171
4956
4864
4744
1439
5285
2387
2213
4426
2572
2728
2517
2594
3189
5120
3839
1335
1848
3057
1361
1062
3260
6082
7396
1878
2501
2599
2095
2131
4471
2752
2283
4168
7086
3226
5775
1055
2304
5271
4118
3555
2004
3078
2328
1887
2896
3434
4017
1907
3869
2910
6647
2381
3984
4567
1905
2265
5189
2864
1621
1138
5655
1932
4082
3124
2292
5763
1460
2096
6344
2075
1658
2263
912
3405
1646
4171
7230
2244
4489
5222
3352
6599
2373
3991
2559
1963
8469
3567
1805
4860
1748
3325
3273
1668
4990
4019
1231
2730
7232
4936
2165
6427
1704
2304
3521
3007
2488
2426
2322
7862
1854
1621
8128
1153
1369
1729
2428
4996
2566
6374
1645
2168
2016
1115
5314
5272
3759
2385
3104
3980
3640
3280
5284
2138
3873
4328
4611
1587
4148
3068
2920
5851
5238
2260
3582
4102
1551
4066
1233
3320
1937
5208
5820
2368
3798
2640
2195
7461
2133
7116
5437
2300
2314
3830
2600
3323
1774
3917
1719
3048
4274
2033
2037
3090
1792
5663
1490
3032
964
2697
1752
3277
2581
5160
4900
5130
1669
2287
1793
1222
1312
9802
1701
7055
1006
4052
2562
5395
3365
2776
1714
2664
3364
3080
3144
659
2964
4625
3830
3102
1633
602
1718
2691
1521
2344
3013
4235
4136
7529
1639
2973
2738
3319
5134
4504
5364
2467
2364
1599
14130
2640
5325
4662
6027
3168
2007
1658
3646
2575
2201
1483
2732
1207
3000
3931
2175
1584
5236
3006
3573
3107
1310
2956
1607
4217
2414
2613
2601
2677
3740
1494
1273
1707
9917
2140
5184
4922
2645
5022
4753
4214
5525
3048
1961
4434
3189
2337
3658
3773
7149
5733
3199
2258
2291
2222
1393
1746
2793
2133
1514
4050
6227
2409
2265
1441
2680
1498
2884
2910
12293
5654
1116
3590
5646
1470
2514
4032
4713
1976
6736
5430
4776
2771
1951
3255
1036
4167
1697
1337
2139
7033
4753
4126
2530
7994
2078
1688
6213
7604
2871
7307
5113
1187
2808
3993
1627
1597
2928
1944
2373
3687
3412
2021
7242
3002
3287
2825
7633
1798
2764
1209
3290
1275
1401
2679
1835
1743
1297
2369
5136
4058
1481
2483
4671
6708
5223
2315
4327
1368
4303
4128
5200
5004
2578
4521
2233
1569
1819
2274
3782
1861
2557
6933
4687
10006
3072
4123
6691
11574
2098
3755
2367
1290
3962
2478
3721
1431
5279
5349
2830
1652
3087
2442
4091
3529
2581
1593
3583
2649
6140
3050
3646
2550
6487
1182
1042
5900
3308
2803
3936
1906
5241
1965
2763
3826
4569
5809
1851
5789
1762
2198
5515
2647
1647
3683
2839
2896
4323
6625
2728
3176
2909
2875
4282
1463
3379
3802
8004
1875
3831
2521
2253
5183
2756
2361
2571
2035
2188
6707
1654
1853
2022
2267
2047
2815
4860
2124
2507
3263
2789
4061
2180
3339
864
4520
2085
3454
1685
2428
1796
11393
2009
1853
823
1697
2109
3628
1870
3005
5821
2571
6232
4253
2437
4179
1804
1673
2406
2696
7460
2668
5450
2501
3752
1647
3545
1430
7855
1753
5270
6275
2449
3724
2833
2987
7191
2334
4963
8554
1429
2513
6457
2509
2037
1485
2273
1505
1991
4781
2854
3553
3221
5736
6269
1494
1771
3745
1688
3067
2624
4449
2317
2539
4176
4441
1067
2337
3139
3616
1582
1519
6412
2472
2416
3012
5984
2391
5045
2683
2207
2147
1092
3715
2170
2327
1606
4442
3911
3062
2304
1818
3530
2773
3741
4489
2603
1560
2072
3792
3109
4628
1243
3621
6773
2922
1870
2295
7766
1927
3181
3098
2573
1991
1138
2588
2387
2611
3717
2425
3079
3084
3096
6255
2233
2776
1230
2135
1973
2366
1986
1820
1661
2727
2078
2110
1494
2446
2108
2883
2349
903
1237
4006
5069
1906
2034
947
3900
4127
4448
5723
1733
2197
2521
2745
1416
2217
1431
2367
1248
5826
2764
2331
6137
1303
1517
2892
2071
2905
1340
1349
1509
3529
2320
2659
1107
2292
10514
6588
1777
3634
2105
1530
679
3802
2820
1765
1095
2862
2590
4538
1795
4964
4425
2170
6696
4359
6416
1582
3864
3557
3283
2409
7309
2990
6380
4172
4168
4206
1469
2104
4730
1775
4433
1992
1438
2377
4705
3997
2454
1507
1566
2981
3875
2414
2490
3125
4112
1875
1322
2053
7818
2906
2980
10086
2336
3697
2407
1549
5049
4680
8779
5491
2354
1748
1868
3068
994
2478
1143
5447
3130
2278
2283
2477
3427
1876
3429
5637
2130
3632
2399
4959
11710
4844
2036
2331
1375
3790
2906
2342
2330
6898
1163
2488
2681
2184
1875
6672
2261
1866
2031
1345
1366
3703
9455
2824
4216
3185
1947
2336
3053
903
4709
4746
3381
4195
10689
2730
2498
4536
4759
2051
669
2867
1902
4950
3720
2555
3689
3096
2439
4227
4191
1650
2782
2252
2855
2762
1546
8488
2009
1214
1857
3016
2195
2962
4906
3402
5440
1532
5515
3797
851
3531
1770
2047
3122
6759
2385
8693
1446
3806
1599
1346
2262
2043
3960
1497
3083
1457
7533
4701
2420
4863
2547
1671
4474
1800
1159
2009
3077
2907
3586
2481
1004
3697
3576
2205
2242
2527
3208
1444
2423
3483
9218
11630
2789
3158
3295
2126
2156
1875
2003
2341
2547
3109
3240
1575
3276
7103
843
1681
4537
3534
10456
776
2540
2514
3535
3585
4962
4699
1373
5755
1482
11193
1839
2192
913
4971
2259
1546
2611
4947
4601
2263
4062
3228
2507
4326
2189
1774
1664
4670
4757
4409
6916
1829
5307
3187
2643
2138
2416
1889
1721
1537
1233
4475
2557
3756
1436
1233
1629
929
3092
2650
5549
1566
1104
2053
2216
1439
3154
1840
2031
4132
2927
5429
3250
1495
2507
1355
3067
5011
3968
1552
3573
1543
1835
3877
3582
3984
3321
2340
2998
4070
1846
1639
1433
1102
2220
2442
2003
2196
3998
11072
2869
5550
2301
2034
1684
1233
2188
3492
2260
970
2333
4012
1369
3995
3307
1786
3759
3506
1471
3551
3157
3508
2553
1962
3363
2908
3849
1468
2669
4595
4138
6681
1344
1888
4973
4298
3068
2437
4393
848
3055
1846
2322
3717
2612
8701
4945
2647
2515
2657
1961
2748
2637
1582
4002
6937
2018
2487
1365
2748
2420
4519
2711
5574
2559
1574
4926
2467
2631
2268
3396
1965
2847
3102
4393
5106
6538
1133
8242
6379
2638
2338
4073
1711
3275
5054
4672
2030
4769
2556
4085
2023
3310
2357
1549
2537
3438
2410
2116
3884
4217
2255
4788
6533
2554
1635
1314
1855
3036
2249
2543
2538
2916
2682
2679
11573
1844
2420
3648
2998
2669
3808
4552
930
2559
3134
2006
4841
1949
4885
6365
2025
1570
3792
7206
2191
5198
2507
2575
11458
1821
3193
7943
1600
2037
3102
4271
3239
4870
2426
1391
3544
1317
3411
1794
3940
1914
1673
4207
3578
2781
3836
3386
4792
6747
2424
3759
4124
2633
3475
1358
1203
3757
1793
1647
2515
2524
3567
4018
959
2644
1942
837
3711
4732
3510
678
4229
3355
2332
1292
1492
5879
1295
2916
3245
3222
2032
2574
3972
1908
2919
4349
3901
2438
1852
7209
2695
3326
3415
1802
3416
3235
3081
3077
4429
4010
3353
1635
2308
2024
2255
10640
2994
3219
3962
4548
1534
4872
4127
2580
2364
2653
6071
1988
4012
2368
3421
1918
2646
2330
7305
958
3185
2175
4681
5167
3016
3212
2495
5403
2266
4997
1398
3621
3579
3613
2772
2742
4400
892
5717
3448
3372
3574
4194
2187
3165
1160
3301
1822
2142
2809
2339
3667
2659
1734
2659
1689
2968
3384
2860
2098
1054
4438
2425
3539
2146
1473
2417
2295
1597
1651
2483
2502
3408
8894
2952
4099
4295
3127
928
3952
6579
3210
2044
1554
4894
2802
3296
2833
2366
4819
7046
2128
5609
1971
926
8980
3785
2583
1428
7364
3448
1911
6811
4364
4348
1356
4465
3693
3247
2304
1572
3093
1091
8324
4187
3341
2477
3897
3717
4716
2958
2675
1534
1577
1727
2140
1432
1870
4276
2510
6871
2437
1704
3679
1920
1661
1393
983
1960
1804
2672
5343
3761
1272
5752
1452
1575
1812
7544
867
5910
1270
2581
2125
1144
2433
2414
1290
4470
2260
2755
2686
4704
4542
3943
1226
3769
2735
3296
1915
4586
5771
1354
2270
4309
2172
3496
3248
2027
2622
3375
2046
1738
2519
3141
2605
1090
2151
5812
2799
3224
5195
3638
3629
939
2995
1248
3350
1118
14522
2738
2339
4090
2693
2832
2315
1720
2917
1638
6054
1383
2425
1128
2832
3540
4188
3557
11391
2817
5603
2112
3205
5961
3218
1578
3900
3906
582
1183
1501
2077
5492
4604
1367
3160
1464
3729
2593
3480
2491
4134
2165
925
4277
4634
3966
2708
2219
4670
6255
2088
2563
4744
4677
3292
2266
4222
1924
3212
3747
2100
3491
1954
3345
2893
4093
1285
1739
5090
3226
1307
3225
7750
5454
1827
5057
1913
4175
10431
3435
2560
2331
2097
3746
2522
1058
8088
3695
3569
3049
4245
2661
2432
5000
3187
2740
2964
1214
2325
9056
1422
2642
4017
4119
3432
2978
3009
4528
3867
3229
4074
3221
1904
2303
3922
3283
2786
3033
4834
3942
2650
2960
3221
2630
3236
2092
3426
5115
4378
7054
2332
7084
3825
1537
3474
1992
3443
1360
2032
7174
1723
10083
4324
3837
1652
3082
3544
1437
3290
3089
987
4961
1816
3389
3611
1556
3888
857
2164
2139
3118
1795
1615
2764
2898
3078
1185
1005
2849
5057
4899
1902
5181
6689
5000
2978
1602
4357
2157
2173
4137
1147
2281
3464
8711
3384
3301
1397
1397
1919
3085
2185
8085
8993
3085
1692
1990
2546
3959
1749
1530
4136
2014
3974
2318
3211
2253
2997
1626
7255
5710
2340
1630
2973
7867
1677
4097
1753
2114
11193
1734
1193
1380
3732
2815
1803
3080
7422
1916
1157
3565
5572
1234
1456
4157
3546
1748
3839
4649
4149
4527
6183
5686
3303
1280
2431
1776
1842
2494
2805
2440
4524
9619
6100
1883
1772
1509
4200
3956
5241
6685
5308
1810
2797
2532
1493
2314
4649
3749
4080
1185
2850
4536
3268
3471
3116
2021
3064
3122
2155
1790
2739
3805
2791
754
5508
1067
1440
1524
2271
2525
2311
2454
5957
4930
4849
2276
2315
6601
2155
3679
5911
3544
2234
2479
4491
2746
2969
2031
6786
2023
2187
4838
2000
7717
1617
2626
1773
2568
2706
3434
2599
1939
1220
2795
4643
2781
3027
2429
7023
6784
2920
2850
8141
4883
2615
4348
1786
2399
1528
1682
5237
5330
2983
2596
2139
5387
3842
1766
4353
4587
2902
3520
2235
1777
4425
1853
5531
4961
1566
2921
5704
1438
3871
1497
1152
1605
6110
2045
1791
4357
3205
1547
2670
5545
2227
4492
8418
5165
2314
3351
2356
3114
4049
5050
1344
2874
3231
1920
1324
2525
3070
1858
3457
2533
2262
6727
2582
3046
2368
2379
2155
2070
2672
3444
2737
2671
2645
4376
3779
1283
2798
2641
2283
2571
4685
1828
4243
1640
4966
1752
2025
4431
2153
3450
10746
4160
3795
4037
4607
4418
1349
1808
3653
2267
1828
2393
2196
3146
3423
6472
2593
1120
3229
3211
2777
5407
3649
1976
2413
10223
3212
1743
3113
4024
3981
4416
3294
5133
5647
5430
3348
4249
5838
3334
2802
1609
3481
2629
1071
10813
5455
5450
2647
3622
3246
3811
4750
6453
4658
1978
2727
2141
4600
1657
2126
5445
2518
1967
3687
2453
3983
3583
3724
2344
2990
2192
2341
3141
1687
1785
2153
12399
2138
4420
4179
3697
3710
3739
4561
692
2104
5917
857
3723
2542
2726
3317
4044
3270
4570
2740
2039
2371
4356
2344
2608
4577
1497
1828
5523
5309
7502
2233
7224
1992
3448
3228
2962
1751
2019
2026
2271
1833
3635
1956
3039
1972
3023
2153
2693
2582
2734
4681
3569
3222
3815
3449
1880
3431
1424
3282
2462
2079
1716
4737
2465
2225
3554
4258
2456
2112
930
1603
2238
10996
1264
3044
5338
6102
4610
4276
4610
2584
2142
4126
2649
3085
2682
5522
5249
7114
2832
2101
1788
2793
4460
3234
1141
3260
6373
2092
3212
2086
6526
4749
1841
2430
7878
6023
2040
4199
2438
1576
3199
2056
7856
1195
3838
2111
2445
2328
1639
3133
2012
1269
773
3751
2324
5509
2301
10298
4168
1250
3234
2594
1183
2377
4148
3128
1546
3052
2146
8402
1598
2295
3346
3549
3088
2414
1723
2436
2020
3607
2254
2200
2240
3504
2828
2886
1688
5660
5085
783
5217
3115
4223
2161
1971
1471
2277
3972
3923
3211
1738
1054
4213
3857
2358
3173
4614
5171
1738
4263
3085
1814
3266
5359
1242
4206
3396
1813
1006
2860
3646
3074
4019
1657
1473
3377
7358
978
3150
3166
2315
5807
3767
4097
5627
4494
3424
1765
3115
2331
7818
5107
2263
1206
1376
5996
3231
2408
1985
1316
9478
5020
2561
2111
2377
2890
4720
1988
2909
6269
3705
8834
2037
4700
3280
1645
2544
2720
1161
5406
4574
2174
2575
1881
1526
2558
2405
5560
1760
5559
5384
1593
3958
3915
2378
2279
1896
1193
1520
7709
3635
3103
2091
1857
1602
1828
3039
5182
1640
7348
5335
3600
2988
4142
1996
1115
2847
8046
1795
3095
5812
2399
7239
2462
5942
2786
1723
3391
2517
2069
2404
1577
5001
2288
2742
3237
11761
1963
1521
2399
3186
2552
1975
2315
1428
3252
5988
6933
4795
4243
7299
1854
2255
3655
4826
6062
1864
5752
1916
1461
2473
5037
2005
3130
4422
1043
3508
2499
1908
3037
3154
3595
2546
4014
4901
1900
1155
2987
1349
5797
1674
2447
3735
1905
2632
4313
4206
1621
4301
2185
1694
1384
1390
2745
3028
6308
1904
3238
2821
1989
2430
1945
3543
3123
2423
2081
3196
2066
5458
1300
13302
2438
1824
1572
2208
4516
2957
1319
3444
2634
2053
1643
3154
4628
2738
2247
1185
2917
998
2421
3581
3631
4079
2764
3843
4070
2076
3392
2926
1804
2132
1828
2746
3384
1139
1362
6422
6520
8898
3025
4681
2596
1982
1668
2585
1493
2870
2671
1848
3206
2459
2095
3191
1594
3537
3959
4711
2365
5685
2490
1508
2339
565
1286
1227
7853
2706
1384
2685
3861
3957
1875
4440
1552
5330
3621
1789
3701
2902
3318
2715
1173
3452
2579
3950
3884
4783
5416
912
4420
1636
1622
2124
4694
1747
2452
4662
5811
2694
7863
1022
5930
3909
1755
1531
4791
3293
3511
4836
5116
4489
4048
1577
3429
2786
4518
1644
4416
1482
2707
2407
2291
910
4312
3220
5343
2302
3794
5710
3436
1423
4110
2989
1477
2686
4044
2217
3414
4181
2039
3749
1854
2424
6139
842
3526
4746
853
3533
3720
1979
3740
1459
1311
742
1574
2845
3004
1304
1551
1804
3754
2949
1946
4145
3118
2793
4942
1332
2469
3516
8301
5213
6669
2119
3375
3753
3250
2612
2943
4212
2677
3996
1742
2033
2149
4508
3500
2803
2366
5262
2223
5499
2676
2605
2576
1633
3195
4406
1202
4867
3688
3035
555
6164
3950
3278
2250
1381
3066
2179
6115
1844
2048
3172
1558
1966
2118
1341
2369
2049
2231
2353
2378
4424
1799
4867
2356
4759
871
5529
1743
4400
3908
3868
2151
4547
2402
1873
1191
2068
1215
2394
2644
7301
3041
4459
3750
4782
933
2699
1550
3310
2363
4719
3738
1584
2994
5266
4584
2479
2143
4496
1909
864
3693
3355
5003
1571
1488
2048
2103
3350
1992
5150
1421
2988
2324
3953
4562
3705
2490
1999
3944
3762
1618
2810
3527
6369
5676
6565
3613
3202
2158
1817
5705
5863
2858
5212
3046
3179
3146
3113
2534
1632
2177
2370
4328
4486
6922
3972
2545
3779
4986
1990
3014
4667
3949
1920
3272
3907
4531
3102
3882
7878
1526
4605
4213
3258
1849
3111
2458
2109
1236
3682
5310
2405
1323
3671
1621
1129
2811
2447
3655
1519
1837
6852
2890
2577
3812
2957
3366
1966
5700
4325
1967
4880
2099
5299
2719
3365
4098
3681
6006
5577
2231
6137
6160
3880
2144
1759
3062
1439
1880
3167
1888
2918
1494
1991
2382
2165
2156
6781
4918
1681
2295
6146
2974
2919
2969
2739
2090
2752
5181
2920
4876
2740
4787
2660
1640
4582
4791
2472
3398
2255
2476
1657
4663
1794
3418
6473
3509
1934
2410
3699
4292
4535
2740
2652
12700
4187
2254
1786
1113
2463
3420
2343
1488
6063
3136
1580
6053
1931
1328
2132
6061
2221
1674
4749
2785
3474
6070
1537
2014
2129
7603
3457
2441
2861
2363
4032
2058
1671
1441
2144
1890
4121
3155
4440
1420
2581
1756
4752
2942
6497
2546
2960
3615
4649
3449
3036
5192
1132
2767
2767
2170
4256
2977
2650
1251
4194
2131
2087
1130
4600
782
5411
3849
3183
3119
3255
1842
12002
1901
3685
2770
3424
5668
2166
5124
1851
3559
4435
1180
3116
3856
2754
4296
2376
2097
4728
1600
2114
3977
2661
1647
1855
2133
3292
4341
2623
3137
1738
6589
2208
2119
3130
2875
9060
1763
2640
6764
4475
6911
2039
5684
5188
2194
3566
3608
2972
9272
1026
4948
3332
1988
4288
3254
5984
2558
3174
8395
2210
4337
3975
3067
1704
13410
1840
3857
5231
3329
1208
5497
1728
2300
4693
1959
1771
2959
6698
2721
3616
5411
3187
1423
2109
2394
5248
2949
1926
1632
15217
1653
2595
2281
1609
5644
1911
5549
3946
1684
2671
3079
3107
3181
2762
2081
4125
4579
3471
4236
3602
1664
1660
3912
3060
3025
1728
2483
4397
2335
1687
5027
2551
1559
5123
5365
2608
4464
1928
1568
1364
1373
4776
3452
3897
5166
2027
2639
1360
1671
4241
2657
1748
1497
5013
3880
3269
4758
4978
5345
4333
1807
2295
2121
1732
1802
3795
2278
1749
5216
4114
1891
2429
2461
2684
4265
628
2930
4498
1383
3253
3011
2021
1550
5388
2780
5573
2715
1478
4315
3423
9472
1396
2939
1742
3635
4371
2428
2332
1585
2568
2160
3479
3103
4625
3525
2809
1402
3764
7933
7831
5729
5645
2005
3260
1851
5544
2667
4864
3209
5135
2235
6404
4685
2318
2492
2044
2302
993
4733
3068
1918
2430
3583
2582
2721
1571
5704
1723
2572
2303
4952
3170
2146
1819
2901
4346
5304
2766
1510
4018
5423
1843
3180
2166
3934
2368
2083
1995
2685
5496
3074
1761
1352
3473
2048
5459
2236
2440
11912
1056
4199
1573
2889
798
2261
4308
2498
761
2562
5898
2590
3329
1026
3164
3359
4259
3264
2426
3154
1562
2845
3523
1870
3834
2738
1679
2251
2920
1410
1950
3182
5914
2232
1776
7947
1815
1008
3598
2791
4103
4188
3862
1722
1342
1586
2977
3500
2337
2716
4758
2710
7204
1469
2235
2951
3730
2215
1929
3856
2361
2455
3607
3815
3476
2333
3435
2801
7257
3159
962
5559
8743
3707
2402
3856
1241
5658
2601
2979
4234
1592
2060
2253
1835
783
1069
2333
5109
5178
2007
3985
2163
6011
2240
1309
3781
4548
3225
4915
1918
3913
3505
2576
2575
5261
1172
2275
2578
2032
4003
7377
1026
3607
12718
2661
1481
2684
3344
4751
4840
1653
1699
4306
4884
4900
6011
1526
3746
3369
2523
2043
4545
3128
4519
5489
1592
2712
2869
7514
4743
6221
2295
2239
3039
4299
4368
1863
2784
6249
2123
3645
3512
2447
2153
1991
2578
5619
1513
1431
5698
9762
2676
2396
3273
1823
1039
805
4253
1236
1692
2130
7630
5094
1607
2725
3582
2490
3256
3010
1724
2216
3345
4263
4064
1535
3401
2593
2486
1480
2589
5007
2969
3223
1756
3511
1884
3862
2653
1641
2795
2875
1710
2697
3710
5356
6616
2624
1873
2300
2765
2130
6313
2135
3044
3498
6900
1175
1739
3887
6237
2197
2629
2447
6590
5672
2681
2968
6996
2203
5211
1463
2618
1865
8050
7163
1572
3129
1826
3044
5011
3834
1730
3222
2498
5310
2835
6856
3228
3036
3206
2410
2144
3666
6425
4239
2944
1053
5173
2746
2975
3792
1452
2890
5291
3899
5732
2563
2038
1947
1176
5208
3608
2649
2171
4221
2397
2202
4303
2716
2424
2409
4120
2269
5985
3646
5563
5945
3514
5300
1586
5593
3866
1484
1797
2174
4788
2678
2210
2719
2792
3183
1896
4205
4765
6998
1839
6627
9278
3166
2870
3781
5586
6156
7356
2247
2274
1651
6414
1481
2922
2954
4007
1980
2399
1500
2587
3038
2914
3006
2045
1707
1692
2282
5101
1804
3658
4224
2283
4645
7524
2186
3725
1234
856
3353
2130
5204
3172
1495
2442
3977
2011
3466
2466
2262
852
4031
984
3129
1696
3165
2000
4441
1684
1760
2792
1951
6796
4671
1154
1302
2667
1769
1254
2804
6296
1815
6877
2132
4787
3145
2434
4011
5499
5538
3725
5676
3795
2903
2736
4375
3127
2877
2026
3314
1493
2651
1818
2953
1555
3987
8350
3081
1419
1996
5481
2655
2133
5499
8141
1544
4191
4236
2296
4912
3008
1607
2292
656
3587
3373
2375
2049
2105
2125
5144
2650
2838
1640
4098
4087
2393
2285
14597
2845
2595
2389
4293
1486
2432
2799
5858
2302
6502
2921
3970
2115
5023
3251
3601
4024
4309
4631
8429
3277
1867
2732
2137
5221
4060
2269
3856
5504
1655
4349
1156
3082
3412
3024
8661
3968
2639
1621
2220
5607
6216
1351
4855
1831
2195
6443
2877
3448
3017
5723
2790
2610
2131
2493
6722
9009
1867
2488
2503
2637
4396
7847
2917
12877
3021
3196
3589
3508
4157
3466
2813
1411
2558
4059
3805
2320
4849
7247
2561
2837
3353
3631
1472
1518
2751
3170
1411
1916
4092
2273
3947
4245
4828
3202
3406
1580
5164
1831
5032
1056
3906
5305
2444
1595
8022
2606
2913
2997
2107
2950
1568
3710
2698
3151
2660
1692
3657
2803
2527
2858
4674
1854
2067
2020
5071
1919
1949
2422
2096
1663
1761
2729
6637
1233
1645
6089
4713
3440
4143
3351
1929
931
1586
8502
1388
5224
1331
2604
1587
3078
1681
3847
2376
2646
1419
2036
1352
2678
3899
3426
1574
2171
880
3597
2474
5854
1580
2894
3801
6000
5280
1564
3923
2746
1494
1297
3471
3187
4564
11216
5242
11719
4272
2256
2114
2029
3517
996
5190
2185
1329
2026
4145
4046
3120
2547
6519
672
1799
4675
4663
3047
3043
1626
2684
752
2994
2626
1227
3986
1366
2454
8076
3090
4908
2377
1132
2474
4824
862
4660
887
3191
1474
3180
3335
5240
3600
2163
1046
2988
2492
1827
1780
2856
2670
1918
1498
4198
3596
5174
2825
3338
1914
2693
2081
14661
2080
1388
1637
2711
4613
1288
2071
7096
2461
2955
4167
3472
1404
4082
4096
2873
2273
1857
2092
3042
1670
3652
2166
1358
1873
3444
5319
6951
5441
2494
4239
1871
2502
6350
1953
2089
1755
4036
5186
4126
3370
3866
1368
2238
4501
1360
3039
2239
1033
1800
3281
4183
2410
3931
1521
3064
1666
1133
2163
3459
1144
4234
2660
2682
1696
4796
2322
2581
11573
5530
1153
3201
1809
3880
711
2903
4618
3113
6742
1681
1518
5930
2842
4228
1809
2054
2227
6654
3894
2590
9949
5152
8082
1348
3790
3386
3621
3566
1784
6065
3168
4885
3088
2047
5425
6703
4733
2739
1388
2382
1739
2898
1902
4900
1154
4139
7566
3487
2689
4019
4424
1373
3835
4851
6283
6391
1906
5899
3424
5446
2408
4112
4367
8307
2609
4895
1740
5053
2228
2717
5077
1704
6662
1568
2217
3751
4435
2109
3328
3693
2851
6404
2253
1624
3336
4270
3459
4669
2600
995
4275
2166
2727
1578
3112
1768
1850
2549
3949
1692
4625
2208
3227
5220
6022
3629
11389
1667
1811
3470
1419
5716
1461
2691
2333
2344
19552
8812
2001
2070
2400
4737
2421
4591
2662
3514
4213
1758
1445
4757
3689
2109
3461
4134
2412
2917
2304
2185
9469
2356
4052
1936
4124
3543
5876
1223
2491
2255
2438
4172
1459
2342
3620
3061
1771
3356
1874
1816
7094
3041
3317
2806
2076
2484
4497
805
2091
1994
7576
2868
2928
2329
3908
7142
2055
2885
6915
4236
4634
5356
4884
4354
4721
6362
5169
1434
2073
2066
2136
4122
2459
3108
2241
2300
2444
3659
4217
2679
4336
3928
2614
3727
4334
2765
3936
2590
1617
1132
7275
5483
1843
10011
2657
1563
3723
4222
3598
3775
1674
3582
2129
2369
5890
2304
3133
5318
6400
3347
3623
3735
7311
3292
2464
2963
1349
2211
3096
4313
3258
2515
2500
3607
5240
2399
3809
3396
3463
5907
5549
1086
2142
2926
3531
3090
2762
7673
2154
2693
4068
2424
4188
1647
1831
6788
2381
3953
3683
3173
4757
4727
4695
4317
1885
2861
2094
1963
1936
1411
4428
3169
2856
1897
3726
2439
4768
12584
3941
2819
3101
2248
1750
1706
7870
5965
2333
4067
2378
2265
6824
2050
3612
2616
2413
5657
2301
5287
1238
8451
1804
1774
4536
3686
2144
1863
1892
2386
3541
5858
3980
2612
1786
4669
2526
2776
2542
1612
2923
1613
6021
1913
3022
3283
1474
4680
1584
2147
6472
2678
2456
3469
1332
2963
4174
2727
4125
2625
5946
4922
4244
7204
4986
1536
3891
3695
2693
802
4113
1149
2808
5103
2658
1643
2749
2435
2024
3816
4394
1309
3086
4215
1758
5400
4894
5582
1710
3792
2488
2466
8037
1519
6320
2168
1928
3402
2285
5967
6089
4605
1396
1062
1266
3815
3456
2978
2726
1280
2261
1361
3868
3493
3179
1827
1821
1332
5568
3781
3765
3938
8510
1163
2664
1183
2511
3870
2192
3577
960
1688
2419
8152
4417
2901
2165
2023
2634
4411
2551
3117
1667
1532
2383
1961
1980
6250
4683
2437
3900
2379
2461
3220
2397
3880
2291
3171
2406
2520
3584
3815
3820
4901
3611
2700
3465
2625
1805
1980
6414
2062
1847
3180
5860
2075
3727
1441
1716
2212
3686
2725
4320
3466
2851
4636
1491
1765
3331
4672
6153
2056
3262
4203
1997
7422
5575
4726
2749
3009
4126
4032
3293
3036
4098
1671
3246
10268
6979
2986
2794
2548
1472
1279
2954
1720
6579
1696
2826
2228
3547
2367
1194
1813
3074
4352
1956
2598
5802
3521
3207
1960
3930
3043
1888
3053
2800
1268
2055
5186
2633
2348
3696
5623
2008
3004
2823
1946
3161
5484
2690
2715
2648
2963
2999
2853
3315
985
3695
3954
2180
2512
1880
4083
3070
4480
2750
4638
1105
6249
4385
4141
2036
5497
1739
1936
2376
3320
3786
1843
1412
4075
3177
2946
5430
2287
3634
2199
2639
3545
2156
2696
2612
2483
1442
1075
3187
7618
5643
3380
2712
2230
4636
4947
1124
3456
2431
2974
3639
1020
3088
1791
1193
4362
1472
1520
1730
2965
2800
1951
8567
3584
1802
1730
2103
1410
2728
1426
5415
3831
2338
4791
2123
3544
1289
3571
1500
2435
1610
2680
11718
10184
4522
5190
2933
1046
3114
807
684
3822
5338
1163
1754
3736
4189
1918
2481
2053
2673
1340
4289
892
5472
1710
3647
2989
3038
2847
1406
3008
2179
8878
5177
4653
2523
1889
3707
2116
2159
2114
1784
3393
5596
2159
3416
3507
3179
2044
7275
3008
3656
1573
4051
2589
5207
3737
988
2821
4755
2369
8230
3879
5186
1020
2442
1235
3304
2049
3342
2456
1628
3989
3266
5407
1461
2226
4521
4771
4661
1703
3026
933
3341
2621
4400
2441
6305
6549
1142
5749
6787
723
3870
4382
1499
3166
3444
1768
1798
3058
1370
2909
5556
3843
2633
2761
4042
2882
3116
2730
2617
3153
1896
5490
4038
1382
2804
2348
2649
2951
5035
2421
4197
4456
4791
1831
5147
1943
3630
3289
4737
2920
8537
1987
3241
5062
3809
6039
8729
2663
4868
4250
3016
2389
2604
2423
3964
3040
3208
1405
3574
2853
2245
4327
4546
2525
1923
2256
2695
2310
2938
2705
4440
1168
4446
2799
2069
3307
2837
3142
2602
1455
1808
2616
2574
3770
6456
4391
1319
1028
6016
3286
3230
3404
3112
3926
2801
4349
1329
2380
1786
5825
1322
3088
3488
3393
8385
2853
2180
4518
2885
2395
1648
3789
6025
3314
4161
3785
5211
6692
2268
2788
3609
926
7809
5430
3580
5249
2349
3808
2553
4980
2515
1509
3556
1821
5572
2279
2965
3560
2735
6652
3756
977
2553
3048
3506
4847
2534
1923
6438
2512
2800
2395
1188
1727
1969
1367
1627
1829
2843
1241
2922
2422
2521
2829
3198
1526
5275
1335
1488
2215
1601
2885
1010
3955
2731
2397
2733
1583
6842
4047
2619
5262
2081
3781
1641
5622
2513
2020
4423
3895
6229
3440
2697
8881
5755
4107
6014
3017
3275
2201
3228
2522
3296
2756
3041
4506
2712
2473
8486
4028
1636
2879
1411
3102
2804
3568
1346
2426
3368
3725
821
1982
2929
5360
2112
2424
2667
1034
2024
2484
2629
2363
1373
3667
3026
5847
974
2521
3894
4152
1964
2277
3347
4353
5838
1996
4505
6962
1907
5140
2124
1468
4268
7153
3014
4710
5898
4067
4611
3173
3639
2121
4734
3354
2243
2859
4478
7726
5792
3174
4075
3876
2584
2009
3795
2498
5580
2684
1940
5345
3848
5139
3021
3680
5980
2327
1342
3574
3828
2156
10036
3756
7293
2270
2948
1952
1902
2152
2745
2473
1613
3453
1040
1907
3393
3690
2832
2098
795
3495
2179
8978
1562
2112
2980
9494
4225
2199
6090
9118
2702
2901
1378
5972
4394
4119
3004
4471
1875
2621
5232
3583
2758
1496
2866
3528
6268
4314
3556
1770
3993
2751
3541
1218
2928
4804
1945
2633
3557
3334
3139
4086
1868
3151
2761
2984
1889
2176
2335
3536
2590
7011
10814
1274
3570
1846
3854
1133
1458
3831
3937
3408
2226
4010
4457
3685
6825
5980
3475
3775
1120
3367
1933
3654
3846
3059
3289
6878
2290
4437
6377
3242
4160
1297
2951
2104
2325
3566
2463
2478
5017
2564
1579
1850
3169
6699
4287
2967
2350
2625
2575
1763
1677
3271
7802
3060
2985
1499
9243
3029
6074
4343
1854
6073
1922
3050
4012
2328
2597
2698
2973
2075
3129
2311
7008
2241
3757
2804
3294
2230
3678
3466
4565
3235
4420
4525
2586
2678
3156
2135
5375
4468
1780
5659
3980
5038
1085
1939
3259
1404
1063
2248
2563
931
1637
1118
1090
2597
2369
2031
2903
4020
2048
3056
6098
2355
6092
3370
3303
1711
1362
2821
1095
3115
2479
2495
2509
10094
2173
1329
2518
2141
2474
6418
1908
4951
2077
3366
2630
6226
4657
2732
9646
3836
2481
3317
1250
2835
4533
4254
2605
2408
1961
4568
3016
2948
2845
1348
1256
2814
8582
2939
1165
5803
1690
2508
2383
3486
2271
5580
2975
6126
7885
1929
4877
4713
2253
5747
1863
3237
5779
3189
2732
2455
7013
2030
3516
3589
4664
1543
2956
3974
1723
8816
2007
1763
2459
3009
4864
9019
1774
8557
5031
1330
3304
3805
2805
1352
5281
2855
2237
1802
4526
2208
1888
2544
3067
2397
5035
2202
2791
7020
4918
2992
2112
2137
3096
1804
2525
3081
3509
3861
3071
4582
2168
4397
4663
3299
1027
4300
3021
2985
1557
4412
2475
3032
2070
2379
2452
2973
2147
3048
4140
5342
1687
2800
3977
1755
2701
5224
2253
2494
3970
4914
3913
1741
1746
2728
1551
2850
3640
4141
1818
1935
3618
2136
4800
6888
1192
1157
4709
3261
3010
4011
1809
2589
4120
1557
5556
4989
3571
2500
7843
3039
3237
1261
1470
4072
5116
2637
1677
3071
2512
2051
1480
4801
3581
3200
1320
2187
2513
1436
3940
5677
1305
2753
2878
3942
1905
4134
4423
4115
4692
2628
3399
1856
4971
3125
8643
4566
7833
3832
2844
7928
1580
1597
7037
1808
4719
2304
6285
2794
1496
2864
1489
2356
1635
2514
862
1624
3478
2519
2811
3397
3457
4518
1968
3554
3422
2064
3464
8095
4240
2138
4229
3612
2058
2785
1713
3656
2125
6151
6315
6236
2746
1462
1113
1321
2707
1759
4271
2751
2331
1604
1937
4804
1545
2597
6291
1695
2989
2402
4013
3907
2361
6288
2947
1851
2800
1715
1387
2011
2637
5555
2039
4270
4824
5308
4010
2893
3680
2651
3746
3141
2959
1423
3269
5818
4967
3639
5115
5352
2672
4943
2399
2517
4558
8332
5646
1844
2525
3678
2490
4971
5706
2427
3438
3867
3843
6963
2412
2381
2901
2887
1901
4316
1521
2277
905
1996
5632
2286
5766
4101
3451
3711
8148
3442
4397
5549
846
1705
7728
5193
2758
2378
2076
2694
3623
4041
3578
4547
1522
1211
5243
4493
1615
3180
2389
2007
3431
1235
2477
1781
2686
1409
2755
2603
2266
1275
2372
7337
5379
1850
5541
4189
3138
11244
1954
3086
8372
3862
2957
4018
2559
5480
5432
9219
2750
1760
3025
3369
1953
1562
3407
3257
3840
2087
12128
2202
1851
4607
1217
941
2477
1950
1538
4451
1548
2401
3864
6056
2719
4112
2305
5277
1425
1785
3114
6895
2666
2075
3005
3455
2801
3210
2470
3097
2972
2019
3056
2513
3105
2819
2936
5109
1998
4782
4923
8804
2187
6644
3591
1108
2026
2426
1693
7505
4722
2003
2526
1349
2436
4563
3193
4877
3442
2572
4152
3297
3706
3685
3148
7466
2664
1462
3077
3046
1513
4836
7391
1784
2384
1730
2765
3155
3377
1453
2551
5711
3579
4013
2895
11907
2363
5106
6578
2303
2720
1549
2864
1270
7659
2835
5768
4196
1873
3018
8329
2737
1191
5371
4906
3570
2583
2788
2992
1376
9722
1814
2729
5308
4327
3301
1147
5994
1882
4816
1732
4093
2813
3299
2473
5516
3697
2036
3032
2604
2903
3666
3020
5411
3544
3955
1531
1510
1970
2423
911
4775
2863
3047
2502
4144
2995
3702
2577
4378
4419
1554
1577
2910
2606
2805
1591
2858
3536
756
4886
3447
3397
2034
3412
4866
4496
6009
926
4760
5909
1605
1881
5399
2305
3046
2357
3538
8803
5645
3358
4750
2285
2677
3110
3909
2385
2174
3356
2049
3139
4372
4501
3033
675
7084
5542
1885
2893
2021
1715
6265
2538
1534
3710
2542
2920
5538
2876
2992
3789
1617
1780
3509
1575
2220
4357
2198
2404
2465
3235
2115
4406
3306
4488
3975
1598
2811
1373
3538
2509
1950
4321
1718
4432
2675
9563
3883
4494
4157
3425
5269
1933
1475
2117
3176
3602
1630
1955
4086
3549
2303
2792
1892
3061
5048
2679
1763
5762
2330
2050
3843
3059
2774
1146
1402
2608
4043
4839
3182
2527
4313
4555
3280
3390
2445
1413
4594
2649
10137
2210
4364
4799
4067
3075
6171
2804
2747
6821
5968
6840
2470
1761
3652
3719
1357
2303
1490
4123
5578
2657
2943
2610
1541
4840
3317
1853
4335
2288
2694
2311
1330
7231
2099
3432
2332
4018
1501
8979
6461
3546
2566
2018
4847
3850
5936
1750
4884
4150
2917
4071
7208
3799
2719
4329
3826
1643
1754
3818
1919
2854
3905
2894
11788
2417
5208
3183
4059
5958
6047
4393
3851
7277
3013
2847
4708
1952
6543
3439
3517
2780
1998
3293
4646
3572
3192
9077
5319
4112
2790
1541
2193
1913
3028
9970
2440
2560
6974
3487
7017
1163
6779
3027
1483
1012
4280
5204
2752
2273
6333
2086
3735
2677
965
5693
1994
708
2714
5710
2921
5543
1384
4786
2032
1795
20165
3834
1684
5245
2476
5612
4222
3935
1899
1890
2749
2601
1853
2332
3105
1751
4450
1155
1562
2371
3348
13477
2075
2201
2141
3433
2724
2529
2331
6506
4981
1832
8945
2950
1944
3123
4892
2274
3633
1738
2927
3050
1405
5980
4613
1720
3721
1876
1913
2456
2009
2744
3086
3992
2406
2548
1709
2739
2235
4272
3836
2154
3600
2562
2218
7048
715
3924
2341
3440
2183
3732
1257
3878
2386
8006
2558
12756
2875
4482
3655
3250
5003
6381
3194
7769
4817
1920
2065
2969
5443
5885
3032
10762
1693
9183
1864
1784
4066
5447
5062
4418
4097
1670
3136
3182
3247
2293
5282
2166
2368
3365
1741
2178
3044
3049
2646
2708
2658
1758
2986
3848
3076
2575
3336
4153
1736
3906
4345
4629
4238
3137
3999
1671
7519
3476
1967
3571
1202
2454
4397
2841
3414
2062
2389
1677
1095
3128
2503
1247
1943
2337
1651
6042
2640
8322
2034
2313
9239
4514
3984
2669
3916
3732
3252
1845
4021
3077
1797
4935
2685
5820
4950
4067
4407
2420
2674
1931
2285
1310
2025
2989
2883
1883
5262
3589
4555
1840
3852
1869
3823
2178
14161
2741
8674
3687
4262
2714
4444
3285
7765
2258
1026
2669
8019
2441
5573
2595
4508
4877
3671
2125
4089
4182
3534
4190
2050
2335
1631
1645
3994
2915
2358
2180
2041
5461
2789
2152
1979
2002
3300
5455
2286
1593
8712
2991
1191
2008
1292
2514
6206
4265
1642
1556
3765
1999
2927
2298
3936
1332
4131
4316
2061
1565
1754
3863
3610
2203
4754
2229
1276
2605
1904
3923
1612
1800
3438
3087
2530
3638
2844
1834
3729
5135
1190
2034
2053
3053
1786
4116
987
4272
2232
4052
2090
1985
1720
2205
4222
1648
1734
2065
3906
6106
3692
3761
4167
4315
2990
5490
2038
3257
2542
2985
3437
4138
3992
1149
4224
4298
5890
2014
1339
2141
4386
2093
2924
4140
2036
2274
3401
4084
2714
5175
4831
6331
2877
1925
3348
3702
3035
2564
1085
4368
3819
3461
2951
2089
2219
900
3878
2231
956
2826
4616
2610
3129
4061
2755
1876
5037
1538
3128
2918
4019
3263
3752
2399
2294
3132
2861
4177
5175
3057
4733
1731
6466
3333
7187
5108
2627
1641
1116
4135
6716
2763
3851
5681
1814
4553
2697
1276
1530
4734
2527
2342
3292
4748
2060
1852
1536
2310
2613
4719
1485
1659
2900
2542
3260
2804
6037
1599
2209
1014
1620
3774
3418
3176
3619
2853
6651
4228
5258
1802
1665
2751
5997
2403
2429
1342
2691
1743
1957
3535
1849
7241
6051
5495
2938
709
6480
4570
3262
4800
2161
3642
4808
2939
5761
3215
1716
7881
1937
3101
2684
5486
4120
2078
4651
3721
3486
1213
7565
2785
2889
2379
2852
3652
3435
3044
3916
6110
2078
1725
2766
1490
2535
4455
4668
2408
3648
4048
5138
2989
1946
3447
1145
1736
5982
1146
7399
4587
1317
4622
1329
3444
5120
2388
1090
4453
2148
5248
2690
1750
1346
5488
2079
2748
904
3294
5052
2561
2891
3118
2778
4228
6773
3933
4568
2450
7864
5666
3903
3912
2355
2171
5133
5352
3549
1687
4885
2416
2916
2262
3282
2204
3986
5549
6377
3432
3765
664
2779
2245
2348
5900
3350
1852
2439
2067
3060
2537
2415
2777
3431
2024
2481
3119
4786
1990
1863
3003
1307
4691
2156
7897
4912
2825
5470
2234
2651
3283
3730
2531
7562
1858
10647
2907
4748
5472
2142
7151
3270
4127
2417
1685
2544
10191
3798
1626
1185
4153
2389
2537
1654
1521
3409
6701
2838
2384
5400
2415
5736
2321
1286
2958
3174
3052
1463
3983
1821
1240
7093
2171
899
2316
2406
2412
6255
4819
2388
2909
1312
4063
2249
3978
2686
2629
4038
2190
1784
3764
3825
2232
3511
3616
3551
6548
5867
3207
7325
1972
1025
4645
3468
4208
1796
3376
2825
2295
4741
3520
1397
1339
1405
1901
4071
8023
3349
3860
4382
5439
4086
2650
3560
9642
1438
3541
3509
10128
5856
3830
3733
2320
3104
1074
4100
2476
4426
1800
5617
1800
2361
4221
1617
3342
2972
5532
4354
2087
2605
1184
1466
2609
2393
2805
3278
2542
4019
2423
2206
2722
7146
4076
2334
2150
2539
2650
4148
1869
3937
3976
3344
2945
5041
3701
4244
3494
5892
7285
3479
2649
3066
3209
2367
4193
3875
2089
2459
2969
3432
3401
2674
10407
1660
5078
4296
3140
1731
2507
2244
1565
3634
1254
4528
9376
2048
3354
2646
4921
2502
3311
2826
2802
4345
2388
3567
1804
4814
3790
1676
5660
3096
2692
5257
1849
1744
2935
4799
1484
2481
3089
3956
6569
1244
6484
3596
4232
1640
1349
1502
2019
3287
9718
4830
1885
8273
3419
3016
1145
3089
3185
3035
5083
5142
3842
2569
2486
2563
2842
2348
3039
5035
2510
5692
4398
961
2728
3896
2151
2439
2800
2733
1973
2098
1533
2770
4468
2464
1020
4857
3440
3353
2872
3781
1483
3885
3171
4336
5118
2789
1467
4022
3137
3024
5823
4015
2809
2980
10963
3571
979
6502
3175
3263
2506
1634
2382
4475
1089
972
3012
2287
1735
5339
3669
2498
4289
4457
2532
3397
2454
777
2387
5832
3058
813
3407
1809
3076
2974
1882
5821
1919
5229
3552
4239
2355
1770
3097
5474
3433
2361
8413
2805
3983
6183
2076
4464
6420
2785
6718
3070
4562
3795
2584
4444
2218
2382
2008
5793
3028
2889
2231
5214
4023
3678
1822
7850
4143
2674
2257
3208
3896
3031
2996
3764
2296
3002
2078
1116
3273
4284
4163
4445
4041
1822
3084
3954
4517
5347
1690
5226
1890
2846
1763
3021
929
1705
3105
3333
2740
4938
2576
3482
3728
3282
1234
5222
5362
1987
1549
2428
4454
2004
4386
3463
2180
1822
2155
5199
2630
1905
2308
1104
3330
9430
2268
2301
4182
9334
4401
3051
4934
1242
4624
3112
2237
1879
3488
7492
4403
1622
1770
7092
3159
1911
9759
6289
2581
2425
2842
1419
6104
2507
1864
6659
4326
2627
1471
2793
1580
5439
3775
5569
2598
3344
7607
3858
2766
2864
6512
4527
1022
1722
4209
2676
1955
3171
4343
3177
1756
6148
5202
2180
8744
1872
1997
3031
3112
5055
8953
1853
3929
5527
2894
3032
6559
4436
3517
2454
3157
1903
3000
1636
3541
4851
5253
6911
4670
1125
2037
2043
1681
3102
4197
2488
3381
1784
3121
5232
13588
7635
1251
1683
3699
2889
4946
6157
3001
4724
1587
4039
5492
1340
3213
3954
3381
3374
6157
3021
2802
4635
2486
1642
3737
4278
2999
3186
4291
5641
6448
1311
3318
3273
2202
1056
1880
5506
6582
2050
2680
3662
4650
2305
4332
1548
3493
3297
4849
2088
3138
13413
1105
5871
3049
4150
2472
3340
1958
2313
2873
1761
2868
1881
2108
1261
3449
1167
4795
2810
2137
1263
2456
1518
5406
3951
2103
9076
2678
5087
3139
3304
7290
5147
1915
1869
3988
7198
1732
1558
5298
1668
1547
3007
3403
2539
4032
1070
1914
3037
3833
4742
1316
5193
1665
3852
5264
3398
7001
2794
5132
4227
1709
3264
4535
1152
2687
2326
4459
2688
2966
5234
8558
3428
1961
7206
5038
2426
1045
9745
4326
2020
3403
3874
1127
2095
3607
2409
4778
3796
1621
3220
2216
4180
1699
1009
2554
2867
5267
2625
5227
4786
4819
2432
1885
4884
1402
3070
2233
2825
1260
2240
9579
2917
1861
1460
3219
3502
6126
2077
2080
5251
2898
1608
2189
737
1262
4186
2357
2066
4116
2994
1889
3382
3709
1823
3558
2180
5375
3510
1598
7828
3653
3411
3382
4179
3020
3114
4005
2589
2097
734
5312
3588
2184
4215
1908
3471
5442
2697
3386
3219
2010
804
5281
3239
2205
1069
2947
3625
2741
3773
3051
2643
2165
2505
2938
3783
1730
4111
3029
2252
1853
3360
1330
4058
1932
3150
3133
1702
7883
2949
1616
1933
5485
2688
1555
7348
1600
2717
2108
2699
2753
3443
7062
1371
5614
1972
5706
4856
4119
1417
4588
4478
7467
4259
1294
1974
4942
1279
1919
3984
5772
2174
2473
1721
2276
3381
2502
2335
5011
2635
2185
3771
7019
2079
4989
4203
5455
3314
2458
1669
2441
3349
5140
2296
2097
3558
4661
2263
1009
2774
3123
4668
5902
1247
1871
7848
5080
2634
5948
4165
1063
4325
2365
6689
2790
3137
2503
2025
2317
1682
4066
3483
3658
3885
2466
1570
3558
2907
2779
2722
2371
3846
3841
5609
1532
2584
8076
1971
1507
2317
2563
2071
2210
2130
4396
1887
5042
3325
2794
1608
2333
5057
4928
3116
2379
5406
2769
2137
2917
675
2037
1721
5235
1894
5922
2889
8328
2925
1771
2041
4863
6196
6013
2525
4709
3913
5785
1437
4190
3626
4856
5380
2226
2008
5370
3551
6346
4670
2527
2355
2030
3762
3569
2146
2981
5139
631
5534
2546
4069
4066
4091
4945
1864
4617
2214
2241
5801
2729
1474
3372
1432
1811
3756
2043
2406
4151
2255
1101
5650
4304
2098
2909
1802
3689
3633
3375
5603
4866
3043
1427
2494
3488
6555
2801
2369
4630
2107
5556
1886
3172
2137
4799
3693
1492
2266
3797
2761
3090
3687
9137
2039
3498
3960
5580
1580
2747
1157
5607
1856
2648
2213
1989
9077
2514
1510
2295
1964
5211
6156
3998
1207
5620
2668
1207
4352
1956
1671
7453
3510
1623
3952
4953
1919
3475
4451
2141
2321
4228
1959
3259
1350
2827
1030
2807
3101
2116
1936
2122
5171
2498
5150
2114
4304
6342
3331
1927
965
2329
3770
4747
1917
2797
3460
2707
3234
4035
1757
3547
1304
4120
933
5273
2502
2269
3281
1301
1292
3132
1937
6371
3986
6732
1742
4197
1795
4617
2498
2781
3095
2312
4486
2260
1048
5685
1305
2217
2454
2656
2386
1494
3951
5188
3669
4979
1271
5132
2959
3732
3094
7261
3000
3246
2183
3363
1213
4694
1465
4317
6728
2415
5174
1940
3674
2300
5571
3539
2327
1606
3119
2108
2621
7181
5120
2559
2948
1207
8419
1171
2505
3099
7845
4990
2993
2315
4013
3148
1582
6426
2944
1324
2871
1789
7639
6262
2839
5522
1622
4345
2166
2765
3480
4317
4163
3545
3918
6646
2403
2820
2829
3865
4485
3819
1925
3396
3607
2951
2054
3252
2541
3507
4441
1530
1188
3933
2457
1691
1035
4780
1702
3188
3417
2587
1289
2732
3300
1714
633
3238
5756
3439
1928
2567
1060
4456
5068
2788
3292
1523
3264
2729
3957
4712
1579
3988
5463
2681
1691
5565
1303
4590
1737
1328
3703
1697
1443
3483
2854
1952
1193
2017
3795
5415
1713
1835
2112
3641
1824
4049
2392
2806
2848
2359
2477
2321
7711
2277
3272
3128
4348
5785
1699
4770
2480
1391
5371
2743
2667
2112
3294
3946
2500
4821
3099
2928
4258
2268
2123
1863
5416
3913
5375
1936
7965
2665
1012
2014
2580
1898
2690
2544
1674
1096
1408
1857
6633
2816
5610
5539
1939
3394
12032
1034
3365
1776
1634
1846
3134
3994
1768
3626
9859
4252
3928
3786
3040
3210
4281
3061
1155
5724
2607
2029
3353
1302
1523
2909
2647
1185
3642
5011
4232
9990
1853
3207
1399
2707
1668
2904
1862
1603
1065
3418
6203
3371
2663
2226
1470
6551
4891
3343
1813
839
4501
2519
4607
1453
2935
2438
1834
2173
2999
5373
3852
3188
2276
2075
11945
3083
2331
1111
2257
2252
2349
4820
4133
3625
1535
4757
3685
1794
2813
778
3513
4996
941
4450
1866
5074
4247
1686
1130
2319
2427
2806
2933
2027
7764
7083
1811
2573
803
3169
2200
5746
7592
1835
6423
6019
3032
3339
2262
4586
8500
3001
3412
8709
2913
2822
2305
4620
5443
2494
2888
2364
4243
5806
2595
3625
887
2179
1582
2298
4854
3266
6948
4279
3536
1694
2458
2119
2656
2912
2098
4445
1477
4287
2465
2686
2303
5890
2313
2438
1638
2102
4843
2454
2889
4042
2507
7980
6437
4116
4353
1585
10135
3130
5180
2851
2744
4096
3282
2258
8106
2572
4006
2424
2911
2985
5181
3812
1327
3854
784
3624
4463
2391
3948
2684
2630
4322
2843
2186
1493
2521
1084
3112
2883
5193
3104
4300
4388
4137
3326
1819
1511
2220
2375
4138
3161
1739
4803
2874
2890
1962
5548
3194
3186
5725
1945
5270
3117
5343
3025
2400
2497
6384
1282
4839
3794
2938
6139
2011
3737
5209
3194
4672
2970
5940
5532
1781
3564
3024
1412
1791
2404
1644
2996
3090
6443
15522
5060
4166
3304
3075
2797
1861
8463
4950
7563
1948
2724
3808
2497
767
2819
10554
2637
5112
1295
3417
8715
1315
877
2764
5913
2471
2194
3305
1086
1130
1592
2042
4584
6588
1070
4069
1309
3997
2076
3184
5113
3468
3917
2304
1979
8506
1882
2783
2939
4039
5619
3400
2867
2300
1500
9138
3628
3866
3526
2153
866
3108
5251
1881
1978
4845
2216
4379
1933
4988
3053
4762
2849
4865
1982
6339
969
6703
3537
1744
4502
3262
1697
2671
3391
2802
2179
4692
1798
4742
2731
5787
3457
3459
2519
5172
8635
1992
4140
2756
7345
1185
3936
3511
3973
2963
2262
3288
1883
2784
1928
1891
3137
1842
3341
1273
1986
3348
3430
1541
1934
5165
3546
3913
1772
1511
978
4563
2384
1415
1181
3010
4241
1081
2234
2061
4993
2938
1501
2204
1735
6594
4028
5877
2821
1576
2669
1236
2279
2919
2597
1465
1749
4576
3298
2976
2632
2722
1553
2938
1696
4611
3592
3803
1378
3600
1375
2708
2369
2010
1659
3753
2422
1429
1908
2081
796
4671
1730
6332
4010
2585
2494
1207
2752
4508
1689
2358
4923
12341
3748
2956
7166
3968
3288
3845
5668
2591
2890
2551
3760
2460
6680
1736
1780
3471
2204
2047
2297
4325
1106
3781
4079
2023
7241
1297
4769
3564
1984
2054
3972
2299
2427
3848
1710
2770
6068
2458
6305
3946
1887
2918
2605
3155
3225
11072
1729
3886
2374
8455
3138
5448
1316
5261
3208
2135
1967
2288
4564
2239
7582
2647
4262
3191
2589
4128
1478
8113
8602
2632
3495
2032
5662
8399
1895
1137
3160
3636
1763
1959
4595
2981
2976
2662
7640
3134
2535
1663
3547
4835
5485
1455
2841
1309
1489
4206
4417
3540
2780
1751
5098
1478
2831
1578
7340
1309
2652
4914
2054
3537
3455
5228
2975
7117
988
2199
4442
1736
5652
6869
1790
1748
3291
2420
4031
2089
3173
1926
5037
4259
2729
3650
3667
1788
4326
4108
3337
3309
3446
3759
2832
2752
1896
3587
4755
1977
2374
4821
4808
3110
1311
4787
4522
3305
1471
3418
1466
2320
2087
3402
1594
12310
3314
4036
1731
1603
3963
2800
2025
956
4690
4083
5722
2596
4002
1826
2452
3997
3224
2780
1696
5286
3789
1673
3805
2824
3341
3842
7191
1928
3347
5164
3723
1798
2851
2172
5160
2479
5594
3780
4088
4466
3144
912
1394
2160
3108
2407
2333
1239
2360
3616
2203
2462
3788
2682
5084
6178
2164
2255
1439
5098
3619
2039
2951
3820
1742
4745
6112
4918
4657
3767
3060
5175
5282
3881
1283
5731
8671
6459
6252
2986
5381
2820
2581
8238
3519
6552
10593
3240
4357
3922
3008
1367
6789
8940
3228
1888
4501
5291
3248
2006
3460
2869
1794
4271
1079
3412
1839
3745
3357
2932
1025
2305
6679
1124
2142
4005
2633
5280
5676
1824
3473
3103
2478
3319
2542
2452
1129
3792
2276
2817
4298
5552
2904
6099
3185
1220
2013
5977
3618
2375
4642
1759
2453
4050
2633
1575
2534
3998
2541
1717
4253
2673
5251
1373
3651
2688
10455
3093
6966
4004
1844
4396
1576
3644
2016
1532
1668
3655
2331
4331
1338
1513
4145
3823
1949
1784
1589
3250
981
4573
2367
2549
1983
1020
1291
1439
4400
1157
3928
7180
2654
1904
3176
2075
3840
1008
4556
3296
1665
2052
2144
2587
1219
7490
1404
2337
3737
3389
3564
6105
847
5755
2259
3669
1826
1218
5973
4603
737
2562
2888
3021
5057
4898
5461
1067
5116
3343
3330
3289
2743
1934
701
1218
4249
3828
3472
2243
3624
3187
5170
2009
2989
4049
3652
2372
4544
3008
1844
3702
2136
3942
3572
2359
1974
4977
2319
1728
3477
3276
2258
4233
2002
1529
2047
3791
2285
3524
2665
6345
2478
2925
7898
1655
3199
3401
3232
6108
7912
2006
3474
10906
3124
2260
1803
1248
874
1899
1780
3652
2666
3520
3081
3726
2508
2446
2885
2369
12131
4871
4271
2171
1079
3762
1630
4925
2369
2239
4015
5981
2644
1879
2999
3332
2560
3968
1064
1839
3036
2665
3668
2194
3701
3868
3879
2460
2886
2636
5880
1742
4301
1557
3616
3910
4378
1853
5530
4114
3116
4731
2618
6690
2241
1071
4017
2714
2454
2154
2678
2762
2099
4948
2742
1747
3643
2418
2956
1482
1778
6342
4766
2416
1605
2826
4077
5574
4002
2997
3872
2819
4832
4372
4253
2832
3914
2301
2328
3811
6254
3086
4126
1694
2345
2047
2369
7706
2853
3637
2754
2002
1447
2337
5831
2110
1939
7236
3798
5757
4952
2333
5331
4850
3580
2369
2194
3588
1099
1983
3007
2203
1141
6521
4721
3243
2904
1156
2800
1831
1669
1968
3823
3366
2679
3486
2372
2426
1985
2344
5131
2353
5191
2723
2799
1492
5057
3425
6314
3999
2114
1998
2772
3731
3568
681
2293
4096
2066
2819
5070
2850
2754
2887
7078
1365
4982
2932
3283
2080
5940
3459
5242
9830
1092
1373
1834
4160
1474
2870
2171
952
6106
1112
2387
2547
3847
5954
1291
2069
5943
3343
2767
3282
4067
2127
3913
16959
2878
1332
4130
2986
5392
4326
2595
2531
1436
4942
3203
2418
10627
2790
2061
3133
1384
3561
1237
5477
4240
1237
4143
1650
2493
4182
1602
2833
6089
3121
3799
5958
1877
2981
1366
5584
5860
3021
2561
1663
2438
2184
6010
4741
8145
2610
3061
2416
3301
5401
1364
4434
3003
1560
2951
1826
4213
1885
1775
4539
5361
7845
2979
1225
3090
704
2553
2914
3056
4719
2501
7692
5907
2585
2436
6484
1111
1399
6600
2619
2118
9627
3407
4022
1587
3848
2765
2180
1607
5181
4744
2517
4440
1598
4896
4199
2934
3350
6010
3654
1359
5154
2794
3862
2490
3668
2186
2339
2384
2998
2866
1571
3738
2240
2411
1702
10746
3028
4777
1388
2158
1529
3028
3761
2473
5019
2058
4469
2232
3546
2010
4092
3103
2601
6565
2602
2300
4332
1767
7389
1374
3754
3790
4619
2859
1555
4237
5641
1863
4381
4915
5525
4968
6662
6785
7163
1550
5962
12805
5840
4362
4681
2724
3523
3657
4173
3364
4731
2716
4638
7436
3466
1501
3795
1859
3054
2340
4198
1492
3435
1961
2046
3026
3107
3998
3896
3283
7376
1487
2476
1004
2935
1525
4720
2701
7783
3254
5365
1973
5441
2691
4974
3729
6429
4224
1473
1742
845
3275
6217
5675
1395
2618
1423
1419
3272
3209
1781
2990
4252
3363
1654
1545
4806
1529
1965
3295
2432
5335
4001
2132
2912
2619
1845
5390
4135
4473
2917
2043
3599
4032
1727
4853
2807
4243
1226
2119
3470
2996
5731
2286
2028
3321
3037
2202
3822
4419
1542
2750
6307
3654
1906
4524
3547
2151
1419
1200
4114
2939
1587
2818
1776
2939
2336
5124
4527
4231
4992
1970
2409
4957
3280
1942
3321
1410
7472
3089
2895
1963
2655
4296
3405
4477
2841
1623
2976
2495
6042
3980
4233
1189
4528
4018
2292
2562
3015
3024
3948
3973
2204
3373
1551
2619
5467
8257
1531
1484
3055
1021
5560
6027
9690
3083
3478
2496
3763
6288
2964
2279
3742
835
3767
4180
3438
6018
2853
9476
8674
1408
3800
1092
5190
2510
1895
6853
1678
5214
2987
1949
3464
3930
5873
2496
1129
3174
5426
2019
2822
3741
3224
1938
1365
3918
3437
1814
1823
3151
2554
2790
2244
4666
4031
2972
3702
4714
3546
4007
5056
2608
3793
6014
3994
2620
2349
4069
5476
2584
3583
2748
9223
2185
1820
5324
3363
2444
5070
2635
784
1489
2499
5398
2379
3238
2797
2901
1253
3667
5192
2208
4445
3212
3340
1940
3741
2642
1064
3515
5566
6304
8549
4412
2813
1487
2348
2016
1501
2400
2038
3966
1281
1714
4709
4175
7031
1885
1607
4065
2954
3131
4609
5436
3798
1647
1583
3202
4664
2768
4536
4966
2216
1524
4305
3476
4229
5318
1397
2995
4374
964
4017
1742
4528
2000
5760
1799
3049
2142
2627
5427
4637
3831
2849
1796
6371
2753
2042
2489
2092
4629
3228
2754
3375
2028
3290
2194
8206
1928
2809
1149
1908
3105
4940
2894
1509
3542
2878
2369
841
1936
6043
3118
3064
7554
4880
2911
2293
3377
5763
5440
2488
4361
2489
3341
2661
3804
4042
5422
3918
12991
1565
2846
1442
4504
6243
7573
2749
2719
5696
2709
3903
1771
8299
3676
1521
2098
3772
3352
2628
2377
3594
2630
1965
1811
3264
2714
3563
5029
1525
2463
1916
3304
2986
5683
3389
4254
1859
2171
4575
4417
5291
2530
1455
4157
1856
2204
2240
3819
4243
5891
3319
1746
1448
6655
4811
1856
3782
2312
3614
3107
3666
3293
1982
2896
1254
3734
2308
2785
5031
1233
3266
5166
7438
2538
2817
4488
1686
2796
3655
2995
2281
2350
2035
2365
3500
2010
4033
3628
1959
3023
1946
9031
1276
2072
4885
5167
1989
2170
1228
1646
1411
5204
3124
5477
1725
5382
2654
2477
2391
5270
4002
6768
1781
2313
1832
5553
3351
1809
3755
2467
4053
2067
3739
2463
5310
6614
3017
3577
1700
3833
5210
4165
2068
2375
2738
2464
1524
928
4837
1148
3479
3102
4426
4905
3386
8795
3438
1566
3762
4374
2557
2274
3583
2802
6745
4483
2812
5242
2748
4378
1542
1295
4814
3491
1893
926
4451
1858
3164
5667
3671
2322
1919
4705
6131
3786
2447
1885
2787
3096
7211
2323
2584
2629
3461
4178
3948
2064
2923
7030
2839
1859
5239
4560
1928
4731
4717
2291
2467
3462
2342
4187
4221
2886
1963
1898
3471
3895
3880
2016
1617
4249
1212
4156
1460
2925
1190
5775
1781
2797
3878
2746
3535
4286
3555
1725
3089
6866
5976
4274
8896
3732
5579
4351
1770
2786
4819
3414
2110
2628
3196
2075
4224
3755
1715
5592
2470
5035
3636
3257
1985
1356
2925
3836
2553
6578
1101
2348
2569
3061
4684
4326
2299
4042
2048
2403
1921
3880
5161
4499
5841
3169
1148
2430
2867
5378
4875
3599
3608
1752
2024
2007
8110
1547
1589
3658
2801
2907
1183
6695
2266
2386
8074
2781
2484
1449
4115
1735
1913
1238
3438
1898
2588
2895
1459
10195
2341
7976
1197
3893
2268
1820
3195
3026
4406
4357
1724
3166
4360
4997
2036
2203
1387
2304
3617
1838
1394
3687
1882
9735
6041
3638
3956
3680
1625
6470
6879
3988
3306
6208
1977
2808
5917
4843
1799
2241
1938
2144
4638
4279
4406
2416
7145
3095
3062
1897
5767
2426
2572
2905
5600
3241
2132
1321
2275
3237
2661
3307
5846
2772
3502
2314
4341
2714
4014
3475
3335
1878
2133
6043
4830
4914
5283
2086
1839
2240
1606
5502
3455
3150
1334
7298
2538
2660
2932
2014
2445
4152
7283
1207
3324
3813
4832
6751
2728
3251
2793
17694
3279
1278
2840
3513
3398
6488
2361
2219
4190
3025
2363
2496
3237
2522
4513
1953
4597
3539
1470
2822
4875
5381
2612
2615
5693
5166
3842
12638
5405
2434
4948
2246
1673
3842
3730
5269
5464
3172
2987
6145
3654
6199
5918
3193
2439
1959
1794
2361
3127
3917
5451
1754
2798
4913
3106
6132
5317
1848
2734
3018
3850
2026
3639
2971
2652
1502
3892
1359
3054
2257
4253
3593
1824
2332
2062
5741
1147
3334
3461
8354
2392
1699
4266
3144
5793
3638
3209
1266
5462
2962
6358
3626
1932
3042
4525
1595
2007
4139
2705
3105
3234
3848
4421
2141
5661
4226
2428
3429
3007
2096
3954
6868
3581
2501
4570
4609
3634
1744
4767
1617
2097
2408
8582
4155
3708
2029
5162
2208
1437
2161
3039
3101
2866
3686
3302
6413
2751
9207
1175
2292
9657
5950
1685
2046
2722
1528
1601
2546
2665
4759
2417
4358
4726
3675
2444
2784
1980
2369
4746
2311
5606
2318
2523
3285
3365
3747
2699
4681
2280
4171
6946
4123
13474
6834
3819
5321
2599
2124
3073
2654
2059
3787
3224
578
2799
8929
4767
2333
4545
4277
4091
2273
1788
2792
4345
2880
2378
6004
6684
5139
4104
1559
1213
2363
5576
4206
1601
2365
8129
2967
3854
872
5265
2249
7078
2801
3519
1240
3364
2562
3689
5401
3332
2240
2453
2879
3055
5843
3695
4444
4037
3031
3489
2443
1782
6890
3390
4190
2547
1134
1950
1925
3996
3566
5828
1572
3665
4147
2767
1942
3491
4514
1607
2881
2815
2784
5212
590
1097
4166
2424
3370
2852
1817
3024
1972
4773
3097
3926
3371
3910
1543
2690
2041
4742
2386
5637
3516
1538
4302
5974
1211
4070
4717
4138
3903
2788
1983
2624
2469
2443
1789
2822
2638
1575
2188
2396
997
3501
4602
2722
987
2443
2928
2331
7333
5656
1786
2644
2972
3159
6434
3290
2284
2560
2782
1709
10389
3674
7405
2437
1471
1809
1915
2597
3188
3587
5594
3517
2620
1864
753
4588
3958
4646
1215
2765
5129
4315
2081
2523
2527
4820
1994
3413
1897
4635
4804
4648
3410
1353
1950
3922
3638
2499
2122
3282
2502
7528
2490
3406
2515
2245
2659
4166
2333
3493
4308
2179
2298
6986
3414
9800
3199
1941
1867
904
2731
4426
6531
2014
1214
1056
1984
3702
2887
3227
3623
5518
2005
1132
10936
5485
2158
1618
4326
3025
2227
4383
1963
5711
2710
3422
5033
1317
1066
3264
5379
2518
2950
2695
8623
1722
4999
3013
2630
4213
2941
9415
3195
2783
2119
4457
3537
1469
3600
5022
3247
4110
2719
2421
3165
5220
9753
2990
1278
4177
2247
3310
1283
949
1546
6009
901
4006
2353
1535
3991
4936
1932
4755
7229
3883
1132
1465
2684
628
3198
6232
2605
4929
1896
4547
3917
3108
3704
2543
11729
2590
2417
2185
830
1340
2221
2934
2111
3851
6781
3681
2244
2786
3146
1555
3613
2591
4844
4888
3857
4081
7238
5576
14105
1615
3657
2354
3643
4269
3334
6810
2048
5098
3845
2231
3981
3768
7687
3620
3765
3750
3443
4635
3291
1653
1823
4317
5040
1571
2999
2104
6581
5180
7939
1306
2951
2081
3803
2244
2701
2238
2455
8616
1922
2207
5923
2414
9613
5206
4339
1963
4746
8640
4217
2394
5068
4954
4240
3846
1004
3321
1659
5499
1105
4489
3455
1272
2766
1525
3579
10291
4533
3026
1821
4011
2403
3669
2144
6278
3523
2589
1218
1858
2907
4107
2671
4288
1652
6913
2956
1353
1797
2891
1380
1509
2167
3913
6662
2151
2379
2203
2015
3744
3120
4031
5851
2560
4485
3389
3896
1777
8503
4608
2294
5331
1080
6062
2400
8181
2977
1460
4706
4224
3145
3419
2172
2402
1806
3981
1671
1032
4943
2343
4222
2714
1031
2077
4802
2694
5718
2195
1798
2880
910
5013
3855
6320
4946
5979
2902
2827
2179
3161
1182
3330
895
3022
1446
5243
4840
4759
4404
7596
5807
1906
1103
5331
2384
3958
2677
3609
1626
4915
6629
5190
3027
2753
6227
3250
4312
4221
1933
2340
4838
3236
3172
2924
2438
3785
3543
11237
3811
2067
1526
1712
5362
1811
4295
4428
5135
3505
2153
2999
3431
2383
6313
6550
3934
1813
2577
1251
2021
6777
2951
3424
4626
4619
3639
3513
4314
3174
4877
3806
3101
3736
5840
2843
3385
4362
1462
3350
5135
3843
5446
6540
2422
1929
5132
3322
3322
6023
2410
2685
4478
3189
3223
3046
1258
3409
1724
3400
4628
2112
1860
3279
999
1603
2452
1541
6569
2690
4251
2358
4622
8697
1070
2289
2808
4599
2894
1067
2556
3819
3454
2300
1487
8868
2337
1939
3803
4485
3582
6561
2687
3201
2566
3491
1672
1697
8738
2139
1511
3280
3611
2532
2714
1680
8262
3428
1839
3204
1503
7334
2120
2581
3459
1883
2659
3417
2449
1988
2975
1427
3436
2392
1562
2137
2498
6089
1579
872
740
2510
4114
5596
1668
5313
1341
1574
4160
3731
3763
5986
2618
2338
3398
2008
2077
4411
1813
5768
1654
5628
3182
3710
3506
2678
1784
4688
5700
1996
9803
1319
2012
4996
1666
2913
2419
4072
3259
6035
4173
4627
3453
931
2071
1811
2234
1619
2887
2961
2554
2295
2224
2904
1883
2768
3038
4382
1743
5166
3906
4359
5134
1793
2547
5217
3957
3719
2284
3868
2789
1789
1974
1600
5387
3319
2049
2851
3394
10766
4932
2249
2795
5788
2312
3112
4281
1331
1109
1928
3857
3239
5467
4139
6849
3951
3206
2087
2395
1561
3340
2570
3376
1015
2632
2068
2548
3411
2401
2719
1940
2601
4381
4729
2186
5252
2850
2542
2701
4679
1805
2718
4836
6392
3821
3419
6207
5048
5658
1297
4000
1513
3988
1683
4650
2125
3469
3531
4779
1571
6019
1490
2965
2516
3496
6751
1963
1828
4196
3752
2058
3559
2588
2086
1555
1889
3775
2859
3346
2300
3384
1331
9351
3109
4811
3667
2745
3101
2689
3495
6024
2111
3349
1490
4596
3964
2592
4311
3979
1897
1446
3021
6187
2458
1875
4719
2131
4956
2666
2321
5221
2284
1404
4286
2285
4450
1744
3645
1095
5415
2982
2524
4028
2047
3497
3208
3155
2254
1879
5446
2075
1318
4320
3064
2304
6713
2535
2533
7688
1552
4477
3793
2075
2024
3272
6250
4207
5450
3570
1126
5634
5406
1231
3885
6323
3263
9055
2024
4774
2254
2830
4625
3648
5542
3450
1534
6380
4885
1054
2982
2470
2367
1421
5644
3244
1469
3527
1147
2314
1492
2732
2568
2421
1595
2569
3858
5996
2419
4314
6849
1797
2941
3714
2010
2992
3431
6867
2174
1957
1796
5736
1011
3187
3326
1270
4361
1126
2909
2827
1919
6382
3182
3523
1795
2151
2641
7615
3921
3195
4391
4893
8200
2632
1550
3694
3652
2185
1508
1768
3529
3398
1500
3068
7213
5219
7165
4974
2248
1822
3771
3322
2038
1482
1669
4953
5931
1840
3387
5304
2125
3726
3593
2260
4378
2193
1451
3200
3197
3482
3438
1474
3123
3155
826
5889
5073
4169
2967
1214
3332
4456
7510
4484
5523
3292
6092
2486
1851
4354
2344
7193
1930
4283
1924
3234
4539
2618
3062
2192
1764
3072
2415
1294
5286
2499
3621
1983
1594
1806
2754
3424
3245
2225
7374
1721
3731
1593
2180
5659
3394
3312
4860
1719
1655
4338
3189
1422
5645
2068
3896
1334
893
1864
4284
2518
1400
3051
5751
4687
2658
3089
4478
4846
2605
3090
2137
2080
3440
5098
4979
3368
4840
1547
5185
1779
1739
1555
6695
1556
2252
2646
3643
2940
2271
2975
6720
3254
1228
3066
3744
3829
2230
3465
4039
3005
5038
2308
1528
1868
3132
2902
2100
2017
4762
6628
2319
3253
1779
3692
2917
1436
2975
2019
1904
4851
1344
2103
1654
4066
2434
2661
2499
6426
4351
2315
4068
2660
3698
6124
1922
4952
7398
1805
1849
1133
2153
6153
4141
861
3492
1841
6045
4019
3870
5080
3371
2968
1050
1881
2814
5053
1344
3294
3702
1711
4079
2470
2298
5273
3583
9837
5662
4381
2242
4573
2854
2374
1900
8094
1603
2952
1307
2270
3221
1685
5013
1627
2931
2583
4224
2726
4016
1787
4748
8627
4507
3923
3333
2716
4132
4526
3062
1205
3541
2738
2044
4290
2462
3665
7134
3863
2785
4053
2497
3057
3623
3028
2478
1561
2551
3559
5738
3243
1690
2944
4919
2633
1926
3951
1711
1687
2975
4526
4010
4815
4740
3689
5332
3025
7348
3650
3652
2087
2266
3114
1298
6247
4465
6681
6626
2786
2435
2068
1421
3386
3872
3758
8690
3616
2421
1976
5340
1715
6804
3347
6280
1357
1193
1680
3395
2825
3731
1268
2660
9530
2495
2411
6667
4379
7691
3192
5744
4884
2764
4096
5661
5823
4874
2029
3751
3169
6619
3507
2604
2772
2356
9190
1966
2798
7034
1633
2432
5483
2102
2621
4900
7689
4545
3806
7052
2740
4582
1821
2376
4079
1271
2712
2016
7260
2893
3131
4540
2100
1675
1792
2969
3689
6287
2272
1589
2579
3293
3462
9752
3415
1164
2339
4534
7257
2307
1711
902
4019
4145
10025
1585
3089
3847
7999
3497
2207
4446
1309
1532
2554
2194
5657
1883
5723
3634
2335
1969
5328
2774
2009
6276
3469
2072
4232
7548
2032
2252
8235
5049
3203
2147
4077
4512
1968
5830
3308
5439
3479
3290
3114
3727
3244
2187
2360
6624
1451
2415
6744
1863
4056
3026
3140
1875
4263
2297
3255
5073
5167
3575
4073
3178
2124
8345
6354
2364
3996
2873
1554
4675
1618
2641
6229
1862
2356
2941
4172
3748
5581
1630
5323
2723
895
1710
4642
2040
5844
1938
3143
1674
3061
3492
1955
3090
3515
4275
2536
1999
3951
2342
4546
2673
3028
7443
2269
2974
3654
933
7191
1306
2528
5105
1106
3142
3285
3705
2898
10501
2462
14881
2882
2842
2645
3147
2319
1175
3583
1421
2810
4899
3434
6676
3111
7579
3386
4498
2625
4560
2068
3233
3408
4028
2054
4073
5415
7252
2086
3346
5328
2720
4522
3149
1070
4201
2660
8860
3333
7745
2795
2129
1405
3111
1026
3156
1797
2021
3009
2719
4097
6482
4360
1926
4514
1859
1400
3011
2200
4339
9809
4348
3236
1976
1546
2505
2049
3352
4352
2280
3758
3619
2881
2694
1897
4283
4632
4330
2203
6160
5962
2065
814
1745
1994
2013
5091
3779
1971
4526
2433
8271
3987
7252
2929
4610
910
2833
1755
2034
3934
5633
2021
2013
3240
2332
8231
5003
2957
1389
3150
3740
3114
1830
1838
2287
2029
3166
2322
5008
4564
3898
2884
7973
2398
1924
1621
3644
1357
2490
4873
1334
2320
2985
3040
3225
8076
2266
2848
2195
3232
5868
3635
4445
2242
2190
3706
2796
3027
5674
4333
1341
4843
5011
4147
4243
5615
2330
1335
5747
3682
2999
4427
1189
2830
3037
4484
922
2133
1234
1414
3042
1665
1900
5144
2021
1901
3130
4548
6160
3098
3196
2801
2318
3601
2531
4276
2321
3393
5008
5247
2034
4942
978
3827
3072
2538
3018
7400
1117
5600
2048
3382
4679
2581
6354
3327
2340
8980
3178
1273
5554
3591
4386
2606
3029
2218
840
4635
2094
5691
2775
2017
6268
1532
2700
3517
3655
2593
1673
1880
2027
1476
1540
4533
2589
1878
1467
2912
6910
2566
3359
2234
4020
1445
6156
1999
1649
4069
3458
1216
2828
4358
3172
2658
3868
4145
2730
1676
4276
7512
2257
11075
4768
2797
3914
4543
2546
2987
4232
1319
1393
2996
8638
3705
9953
1605
2405
4253
1899
4023
2597
2137
3388
3051
6867
1844
2912
3224
2255
4026
3218
1528
6131
6141
2377
3686
4970
5748
3913
5196
3548
1495
1663
3033
2872
4009
1725
2056
2804
3664
3629
1895
6181
2968
3077
3575
8201
7580
2825
4545
1592
3611
3896
1615
2568
5442
3388
1360
2700
2224
2348
4857
2297
3842
4625
3560
1956
2072
2838
1450
5150
7268
3147
3232
4595
2746
4010
3382
2519
2881
2305
2764
3981
3705
3549
2706
1875
3709
2936
2968
1591
2970
4587
3582
2475
2798
1378
1676
2228
8253
1818
1871
1554
1477
3813
7245
2395
3486
1486
2297
2120
5603
1985
2435
10334
2736
4390
2320
2658
847
2990
2382
1866
3116
2679
1997
2053
3095
2593
1395
4923
2837
1440
1085
5654
1139
3785
2590
1945
2375
1412
8140
2115
1932
6019
1964
1897
2608
3493
3958
3907
2284
1890
2305
3074
4128
1549
1977
3122
2988
837
6338
2234
2965
3522
2259
4529
2897
3342
6382
3231
3239
790
2544
3183
4789
2081
3761
3130
3766
4120
2628
3012
3749
3286
2952
2405
3876
2691
4495
3443
3348
2842
1467
1961
2960
4914
3297
3556
6297
3881
3965
4816
6604
2712
2521
6396
4797
4524
7014
1289
3629
5458
4809
5505
1563
5198
4212
1485
3001
2392
2665
2156
3043
4485
7528
4051
2654
3718
3449
8190
2177
2261
3465
2389
3628
2339
5460
1223
1480
1732
6424
4659
8896
1881
2547
4015
1672
2145
4530
3200
3943
2525
1703
2173
5058
4158
4100
2244
4719
2171
5278
4230
1788
3811
2741
4123
2166
5395
1298
3445
1949
3889
2731
1717
2004
5209
3168
2669
1139
1933
2515
2195
1950
2942
2746
1882
4815
2134
3030
1572
3125
2878
2800
7259
2084
2394
4078
4193
6677
2883
2309
1799
5901
3405
1556
2130
2659
1754
3019
3271
2289
8777
4698
2079
5030
2866
2617
1890
1403
2292
3277
10606
8380
2263
925
2723
2841
1001
3460
3775
2705
2403
1802
2574
3557
7536
3386
1304
3554
4176
4546
6360
7904
872
2007
2955
4581
7334
2438
3774
1191
6073
4288
3140
1828
4617
4104
8172
8544
3087
2322
3682
2534
3487
2308
1700
4739
3611
6952
2490
2033
4601
2778
2195
2369
4109
4009
3453
6613
4892
1953
1390
3717
4705
1550
4240
9331
1945
4368
2991
4489
6156
5549
1085
1720
2890
1436
4915
6794
10529
3520
2842
3222
3316
2344
4020
4994
2134
4017
3092
2264
1817
3087
2874
2380
1930
3037
2342
9862
3310
2460
3221
6823
2888
5475
1508
2611
2898
3301
2641
1721
8580
4048
2609
3194
4346
3625
2752
2555
3163
4294
2253
3072
5540
5417
4964
930
4190
3944
4969
3656
1306
2223
3104
2958
3710
3394
2372
3285
4255
1947
3915
1952
3247
4576
1772
4579
4525
5534
3753
1518
1219
4049
7279
4369
1475
4207
1606
2176
2007
6853
1638
2949
2182
4092
2944
3169
2897
7069
4901
1939
1560
3701
1223
4258
6585
1535
1458
2832
3393
7768
1351
4116
2822
4095
6799
17809
4162
2829
2172
1381
2579
5914
2995
2264
4161
2770
5150
2375
4501
4971
2572
1867
1859
4891
2140
5460
3595
4815
2797
3163
4661
4126
4090
1697
2712
2441
749
3622
1768
3567
2885
1670
2055
6581
1973
3171
2668
2929
3762
3408
4052
5899
3001
2822
2171
4963
1002
2310
1497
1114
9777
15390
3839
2512
4873
4441
2688
4500
1662
3192
2975
2797
1468
3367
1235
5465
4761
5025
3417
1750
2723
3247
4379
5186
4860
3924
1539
3460
1031
3440
5003
2984
3863
2536
3646
1328
3648
3118
4313
7431
2602
1510
6562
2636
2034
1582
1376
6078
3076
6409
4971
11309
6024
2303
1762
1735
2069
4526
2684
3029
2003
3171
7018
2365
1220
4900
7283
4320
4965
1459
5925
1690
6857
5016
4968
3772
2064
1739
3418
2112
4791
3737
3640
2081
2679
4488
3532
4928
2137
5787
1915
1614
3379
3820
5384
3073
2452
1491
5054
2888
1850
1714
1067
5558
3868
703
1382
2575
2157
2804
3035
2159
4239
937
7638
1730
3380
1905
3582
1916
2059
2619
4328
2486
1579
4354
1613
1275
2298
4955
3007
2662
3819
2449
2876
2533
2586
1180
2502
2805
6509
3577
2509
3575
1263
4054
945
3767
2130
1426
3075
2646
1125
2562
2951
2706
3329
4746
4730
4029
3436
2418
2753
2801
1556
3230
3788
4134
7454
2612
2184
3209
2799
3224
1635
2806
1522
2685
8324
2477
5507
2411
6514
2572
3451
1773
1609
4385
2255
1045
1327
4180
1829
1000
1353
1941
6509
2522
9699
1678
1938
2243
1777
6853
4441
2256
3244
2882
7862
3257
3301
3264
2372
2283
2322
1057
2457
1388
1488
1752
2911
7074
2461
2842
1809
4748
5054
2318
3866
4893
2535
2986
3509
2477
2964
3661
7571
2467
9452
2602
2383
2558
5626
4223
3680
4542
5617
1438
1636
4471
1789
3170
5306
3281
2725
5717
3544
3415
1308
5138
2800
1491
4988
3711
1817
1331
2730
4619
1832
3658
8752
2967
2550
2768
2467
2969
3585
3162
4275
3433
951
2862
3180
1164
1928
4512
3109
1907
2850
2375
1081
2739
3116
5730
1607
2059
4310
2528
2053
3220
2656
5302
4493
3245
2345
1934
1109
4691
1892
2336
3412
2663
3898
3019
2900
2786
2840
4714
5086
1396
1534
1783
5152
4629
4181
1126
6055
3390
4749
1952
9990
2485
1098
3975
2445
2291
2843
4515
4422
4802
2958
3095
1995
2142
3389
1162
3743
4293
4336
2113
1912
3676
3342
3565
3407
1780
3536
4980
2856
2998
916
1574
2903
3993
3903
3224
3037
1986
1826
2987
1605
3198
1619
3850
2751
1565
1307
4274
5379
3638
4866
2402
2202
2718
11146
3112
3094
2709
2645
11529
3964
6465
3470
2453
1441
2984
4725
1911
4901
2836
1446
3758
8360
1834
2221
1358
4093
3140
1464
2381
7159
3311
2009
1333
7997
1362
1435
2222
5475
2854
2668
2267
3415
1955
3126
2289
2181
4341
2080
1348
2826
3411
1782
3364
3236
3639
2341
3167
4351
1968
1839
2196
1346
2896
1741
1986
8155
4986
724
4607
5007
2036
2044
3887
2503
8483
6322
3053
2395
4349
4343
2047
3897
2320
3909
7095
4573
1568
3935
1639
1800
1418
4877
4920
3607
3072
4725
5238
1269
3312
7550
1563
4604
4824
3127
5651
2060
2459
2197
4209
7225
4609
5088
3960
3864
4005
7462
1414
2506
2439
2893
4209
4033
5354
4152
4163
1795
1306
4300
2719
2258
4505
2639
1359
2605
3742
5257
9626
2873
4730
3436
2360
1990
4015
5452
3594
2101
1302
6210
2999
1755
2163
2204
3761
1320
2111
2409
2535
3297
3393
8068
2017
2371
982
2880
1840
4929
2777
3230
3072
1047
4488
3836
4706
1728
7292
3170
2982
2049
4196
3035
4580
5879
3367
1530
2815
1404
2306
3547
3682
2498
5046
2154
4283
4609
2023
1457
1719
2173
2491
2566
2768
3317
3498
1411
4562
1208
2787
1132
3658
10798
1175
2427
3013
2706
3649
4361
3555
2174
1208
3176
2311
1486
2429
4312
3615
4978
4458
2419
6394
1596
2453
1460
2362
2959
4322
1576
3338
3789
3245
4290
4559
2200
5673
2968
1472
1518
3132
3960
1494
3447
1491
3958
3150
4852
1634
8907
1553
5622
3004
3927
2133
1801
3962
955
4716
4772
1674
4596
1937
6483
2149
3613
8345
4959
1561
4026
3368
1987
2829
3011
2229
6342
5106
4424
2797
2653
2581
3980
4808
2798
5160
3190
3635
2626
2455
2247
4155
2255
3219
4332
3598
2124
4886
3650
1557
5805
2994
2496
3497
2872
1587
2148
4426
1295
3372
3294
7805
2212
3409
2466
2841
3181
2487
2454
2569
1513
6442
3505
6358
2549
5249
1105
2516
2902
3472
6940
5917
5780
2999
5692
10104
1579
2736
3984
3688
1471
2942
3544
3343
9903
3972
3024
1800
2463
2140
1686
3044
4081
2414
1616
6471
3336
2204
1127
4023
1991
12022
2516
3523
2294
3322
2333
3802
4492
6248
7703
2333
5328
7376
2335
3735
1390
3818
4250
3074
3407
6264
1371
3276
3758
2217
4645
3348
2544
2061
1161
3553
2533
1356
3100
4227
2955
4244
2532
3573
3592
2424
1153
2631
1360
4360
3243
5351
5712
8311
1683
2689
2174
3468
2361
3581
6458
4233
2393
1943
2715
2658
4103
4825
5410
2697
3084
2450
2111
3790
2367
2039
2562
4898
3125
1407
3681
4298
5949
2550
1358
811
4315
4338
2737
3461
2202
7696
3895
5237
2354
5820
4373
1691
2875
3543
2426
2091
1506
6534
3139
2998
1240
1723
4343
2504
5964
6235
2824
2580
3836
2717
1817
3270
2716
3012
4432
5520
1047
2837
3180
2779
6909
1358
2711
2454
1818
2222
2157
3486
4732
5546
2618
4584
1776
3220
3713
3670
10042
9045
2262
2061
4551
3918
4910
4360
3442
1199
4103
5750
3491
3395
4890
2795
2461
3609
1498
2608
1969
1851
3609
3307
2226
5363
4642
1722
3033
4460
1866
4135
3186
1667
5884
3953
2716
1993
3427
3794
3106
2598
2912
2552
1780
6589
2622
3468
6388
2572
2868
3127
3189
4191
6376
2114
3554
2413
4484
4647
5633
2969
2278
4659
6344
3346
3991
4892
2597
5974
4418
2547
7152
3514
3484
6642
2919
7414
1628
1514
4467
1847
4666
2891
3714
3047
5036
2898
1587
1524
4652
3880
1808
6109
2308
5028
1959
2083
1787
1549
2914
3008
7183
2238
5366
3634
5362
1637
3468
2119
1768
1014
2338
1887
2530
2349
4937
2830
4486
4059
8949
802
2843
6139
6609
4322
1554
4690
3035
2249
4542
3767
3841
3968
1062
3690
2333
2527
2791
1796
2222
2082
5625
3552
5953
2545
2327
2803
2744
4326
1869
2921
1415
3241
6038
1953
4822
2119
1644
3559
3635
2252
2579
3789
3847
4762
2178
6212
2943
4343
1910
6300
3222
1962
3613
1461
3302
2939
4055
3240
1935
2376
7186
3602
4555
3250
4339
2109
6055
3303
9163
3551
3651
3693
3240
1093
2097
2906
2361
1817
3384
1929
955
1993
2937
3351
3774
2447
1815
3030
4135
1902
3446
3107
4195
10351
1640
2826
2014
4847
3424
2346
4168
2302
3279
3824
3795
3295
1754
2131
1145
9903
4413
2531
1384
1483
2647
2679
1993
3795
7060
9922
2667
2199
2157
2485
5210
2635
2885
2153
1724
3513
3562
3043
2166
4127
2026
1558
2879
4119
3674
2026
4914
2329
4397
2942
3000
3322
3786
2949
2137
8395
2797
848
5684
4699
1710
1216
2522
2270
3611
9167
3831
2252
7878
2222
3479
2856
2467
4308
3997
5944
641
3286
2907
4534
2081
2693
3116
2144
1699
9042
4720
3771
1237
2962
3064
2481
2418
4257
4519
2016
6542
5846
3114
3490
4455
3939
1849
2500
5050
5169
3468
2051
7217
5106
1900
4826
4005
2303
6852
3496
4909
3599
2215
4308
3070
9479
2682
2016
3320
3207
1862
1158
3274
4200
4413
3611
3060
2530
2251
3501
1738
2773
2826
2184
4625
2310
1489
5473
4714
4244
3427
7966
3639
1634
4155
2729
1607
3497
5911
5439
2988
3277
4051
5942
2883
1859
4003
2722
5558
3016
1125
2145
3141
1194
4101
4330
2480
4026
4522
1027
5409
1296
3066
2399
2075
7214
3355
2184
2927
4271
3134
4688
1969
3358
1978
1853
4549
1943
2796
3257
981
3034
2584
3837
3915
1195
4973
5285
4065
6936
1883
9030
3921
5707
4452
6667
2352
5944
1354
1282
7858
2777
3449
3656
6136
2913
1982
2584
3097
2085
4015
1818
1881
4611
4677
2132
2659
13184
4655
4461
3181
2667
3638
1476
4007
2619
6505
4370
6193
2830
3300
4621
4359
2145
7911
2358
2073
1932
3471
1881
4808
3509
1819
3735
5377
1365
1558
2953
1612
5131
1933
8031
6144
5145
1925
1957
1315
2946
2055
1339
4401
1848
3553
5469
1263
2052
1726
2777
1069
5074
2278
3637
1639
2423
3181
2549
4831
3362
3113
2178
3851
2441
3381
3344
4077
2025
3296
1838
2758
1672
7466
2592
3288
2270
2367
1766
1051
4472
1929
2715
5169
1676
4123
1185
3441
3059
1552
4558
1713
1228
4532
980
4271
2814
2030
1424
1669
1795
2922
5082
3067
2180
2951
3793
2204
4266
2920
8651
4260
1320
2671
5084
6030
2870
2811
2272
10311
2391
6180
2683
16382
1781
2183
1632
3462
3098
3974
3932
5623
2059
2982
1407
1646
3423
2291
4020
2262
2809
2612
6821
1923
2370
1059
5733
2156
3319
7009
3711
2436
5577
6752
1874
3484
3018
2541
3083
2280
3975
1246
4081
4218
2980
4891
2336
4482
9831
4147
1929
4644
4080
5288
4626
3022
3149
2484
1886
2466
2278
4060
3123
2366
7246
1727
1528
3680
2704
4257
3629
4787
5095
3012
1878
3531
3975
4308
10668
3255
4849
2925
1836
2852
3319
2576
3573
5489
3836
3035
4454
1288
1876
1642
6901
4232
1653
3538
1923
2523
2376
5315
4315
2637
3491
1094
2047
3370
6627
2180
5178
2245
1590
4073
2648
1793
1470
7075
5600
6270
1352
4903
2654
4158
2030
1869
2442
7710
4180
4804
5241
3149
1413
7924
2256
3556
1722
2344
6595
4814
3486
2399
2958
2680
3469
3143
3315
2496
2206
1770
5282
5753
3361
5422
2601
2597
2172
1699
11611
1092
4287
3325
1882
2789
657
2929
3374
4051
4492
2785
3962
4705
1370
4451
4007
2868
1874
4632
2962
3992
1503
5159
1083
6740
3100
6153
1357
8631
6007
5575
6063
7423
1538
2001
2829
4018
3871
6793
4573
3658
2199
3648
5652
2519
1178
3675
2630
4228
1850
3303
3550
3112
3038
1129
6506
8795
3148
1688
4335
3255
3379
6970
6189
2523
2916
6395
2473
2567
4515
1689
2856
3887
3413
2611
6631
933
2803
2036
2575
3496
2423
4714
3709
2190
3441
1985
1658
3974
2587
3390
3264
6284
2293
4676
2263
2927
4324
3563
5537
973
3175
2639
4137
6209
5572
1434
2120
4398
2803
3538
5218
1050
2843
1092
5031
3725
1993
2526
1433
2488
2702
692
5054
2238
2835
2623
2312
4180
4166
2956
3356
6053
2923
1814
3086
3616
6321
2168
2491
1158
5342
2667
1474
1875
3481
1610
2205
1331
4182
4382
1837
2450
1334
2059
2690
7624
3559
2302
2148
2443
6601
4539
4457
6981
2697
4366
2253
1883
1656
3586
3747
3479
2383
4154
2315
1878
4940
5159
4194
3388
2177
2332
1983
2566
2516
4217
4800
4714
2243
2649
2747
5788
2044
4035
8237
5006
1679
9411
4599
1773
4352
4885
2375
4649
2035
2600
2952
1760
3377
3468
3496
3339
3812
3494
3088
1561
3563
2152
2162
1465
3538
1137
3820
4324
5251
11777
2949
3739
1862
1827
2508
4545
3685
1933
2136
5477
3297
4709
7642
6749
2710
1975
816
1289
1958
2520
1492
3522
2182
2124
1485
1607
5669
3132
2887
1961
3638
2943
1424
2200
2421
2896
725
4076
1461
1936
1884
4006
2580
2160
1722
2563
4127
3005
1768
3495
3482
2952
6705
2783
3321
2886
4336
6529
11634
1661
5527
2635
1742
3905
1943
4173
2929
2351
1422
2179
4743
2156
8359
2306
3380
2950
3147
2619
3259
3238
5268
3632
2426
2041
2678
3289
3668
2762
3721
2444
2347
8210
3165
4059
2263
1746
3562
3828
2698
3397
2860
5222
5788
5204
1118
4354
2952
2417
5829
2833
3130
3827
3899
3527
2210
2337
3695
5080
939
1661
5249
3598
1845
2880
2256
3334
2293
2802
2735
1920
963
1653
5033
3618
3098
2298
1891
3732
2414
1333
4649
2821
2260
5313
3294
1555
5781
2300
2613
2884
5331
2197
4472
2738
4182
1554
2469
1850
1067
4125
4086
3752
2836
2882
4611
3667
1480
2409
3161
3044
2313
1723
2662
5786
3307
1937
1566
2745
2029
1157
4305
2005
1749
3865
2309
1638
6997
2559
2555
3546
2124
2712
4663
3078
1629
1308
5201
2480
3551
1236
3273
5934
3384
4513
2303
2830
1788
4049
3284
3341
7211
1616
4120
3303
3422
7248
2024
2712
2227
1809
2658
3556
4351
3322
1994
4179
2637
6667
3663
2110
1721
3707
3972
1282
4792
3120
4018
4128
3058
3818
5824
6034
3976
3114
2280
1002
3007
4800
3285
3745
4513
2035
6047
2771
5329
2202
2121
9266
4901
6019
5421
6601
1263
1378
2681
3028
1884
3643
2122
3875
3004
2200
3211
10641
6553
3025
3006
2170
1476
1993
3362
2416
725
3409
2682
3020
2029
3113
1679
3842
2204
3947
4266
10707
2232
4867
2893
2694
2053
3422
3448
2050
2565
2949
1506
3792
3488
2650
4267
3833
5526
4714
5223
5537
7865
3599
2826
2013
6279
3206
1247
2979
5469
1557
1762
2856
3126
2618
1621
2207
2368
3792
2092
4769
3529
1959
3139
2161
5009
4253
3651
1219
3579
3011
12331
4241
2328
6037
7988
4106
3144
1952
13719
3505
4377
3427
3740
1506
2613
2837
1253
2930
4072
1546
5252
2867
5333
5789
7190
2139
1216
2560
9060
1347
2934
2197
2729
3038
2857
1698
4307
3185
1935
3236
4593
3998
1260
2604
1839
1962
3891
2158
7653
4394
2766
4153
1687
2808
4823
1021
2217
1731
2348
5227
2917
5976
5144
5768
11821
1964
2923
2791
5604
15650
2023
6164
1840
5764
4935
2310
3072
1362
1949
1471
2002
1872
3625
4907
2530
5157
2067
3712
5064
4051
3604
1724
3665
9777
1993
5110
2514
3574
4442
1578
8594
3948
1544
1398
5853
1229
1504
4388
3183
2748
3427
2546
1880
3978
2842
1363
5912
3640
1832
3232
1747
6303
3135
3560
6431
3220
3681
3056
4025
1682
3400
4563
6540
5853
5912
2696
1920
1966
3802
2148
3382
4994
3400
4970
1724
5027
3148
4019
2219
6213
2329
3556
4279
2043
1224
1486
2033
5565
3784
2793
2647
2502
3529
5619
2461
1989
4527
1334
3222
1761
762
1711
4291
5647
3664
2942
3405
1830
2553
2651
1531
3304
2922
1810
3439
6201
5049
3851
1786
4417
4624
1837
1814
8386
2309
1796
2317
6595
4252
2331
3190
3252
4383
3215
3463
4940
3820
5953
4596
2035
1548
1246
2548
2923
1327
3994
2414
2496
4824
2448
3405
2509
4463
1545
2302
2394
3967
1665
4377
4643
3083
2995
4297
5542
2436
730
4231
2021
1698
6981
5419
2484
3494
1588
2820
1497
2183
2450
6558
2213
5789
2309
3742
3262
3300
2239
2487
1161
2954
1779
3413
3052
3427
1439
4816
5036
3191
1984
2402
1684
4814
2532
1727
1305
3184
3407
3983
2158
5828
2055
3310
2668
1883
3134
2457
5339
4565
3871
5339
1967
2712
3276
1663
5790
1993
5002
5366
3218
6589
1477
4804
1629
1893
3061
3016
1951
6059
7878
3865
4538
3411
1622
898
3334
3010
2656
1222
1198
1325
3766
2979
5143
1675
2966
2793
2755
5058
3601
1325
2049
3267
3338
3302
2451
3602
3313
4679
4917
1512
2900
1054
3278
8283
951
10526
5395
1536
7825
2115
2652
2508
2640
2232
1943
3153
2376
1950
5463
997
1479
2159
6121
2533
3779
2080
5729
1921
3843
1992
816
3253
1616
2376
3304
4588
7357
1833
3843
2997
3109
4673
2664
2425
1156
4280
2346
3821
4801
4198
4500
5043
3331
2897
3193
1836
7201
4624
2310
1961
5158
2062
5709
2917
3642
2361
6303
1750
3680
1934
3447
1939
966
1162
4854
6312
5613
3221
2217
3681
1730
3036
2542
3365
4972
4524
4342
4727
2061
3184
2252
1749
4618
2047
891
5317
4837
2366
3544
2778
3014
3686
2839
1875
2860
2616
2815
2266
5294
5124
2923
6743
6780
2734
3114
2547
2144
758
2611
2415
2565
4232
4226
8079
5683
3127
3273
4384
1646
2430
1533
808
1883
4877
1278
3471
2445
1903
8534
2130
3886
3403
2275
3105
9399
1379
1950
3893
6037
1011
4724
4504
2649
3049
5414
3858
2330
2642
5479
1196
1600
1218
6568
1239
3371
5217
2016
2835
4120
1155
4347
2011
4076
3825
2259
4341
4298
3924
4473
2279
4349
1303
2373
4616
3259
5030
2177
2095
1705
3262
1958
5928
2639
7411
7230
4051
1321
4928
2663
3526
1832
1586
2485
3745
7842
3892
1626
1005
4353
2205
2420
3614
2244
5768
5142
4051
2540
4196
4033
1698
2063
1306
1562
1877
1792
5367
3159
6183
3848
3521
4395
4653
1761
3786
1214
2364
2766
4702
2178
5763
3624
4326
4363
2766
3353
1604
6984
3669
4029
3762
3248
2367
5340
2182
2184
4794
3401
1739
5938
2425
2119
2631
3197
2182
2692
7963
5123
3518
3754
1717
2865
3070
2239
6696
3910
1763
4389
2706
3054
3237
2506
1999
3117
4901
4315
3961
1925
1585
1424
3670
2813
1272
2661
5933
2221
930
2297
4064
5101
2186
1712
1439
2288
1307
2270
6374
4478
1702
2593
2715
5231
7009
3057
3718
2425
3478
2427
3273
6353
1891
1953
2606
2653
2183
1953
6833
2588
1502
2762
3831
2147
4597
1587
1890
8216
1779
3299
4643
2098
2465
4309
2235
3993
2300
3050
6008
2349
2797
3497
4207
7643
6924
3460
1549
3619
2990
1495
3845
3855
4811
5797
5032
2842
1807
2082
5799
3279
3037
3722
3314
3216
3390
3026
4186
3027
2686
4444
5855
1684
1554
3859
1510
1658
7732
4006
6658
2927
4944
2669
1854
2512
6044
3683
4734
2012
2904
2121
5066
4891
2350
4042
3931
3134
1035
2466
2169
5298
5533
2064
5040
2324
3943
3122
1038
1523
937
4417
4390
3883
3265
2307
5146
3820
3541
2229
3293
3441
5710
3775
3935
6549
2743
9456
4493
2859
1480
1602
4481
2982
6087
3558
2557
2907
2193
4643
3858
3523
2696
3676
1932
3046
3774
3870
3067
2446
2584
2624
1739
3291
3065
2419
10223
6583
1620
8084
5742
5670
3072
5902
7737
2035
2630
2970
2329
8001
6567
2850
6618
1317
4226
3051
3613
8068
741
10726
3328
1885
6911
2727
2603
3571
3199
2095
1559
2543
2284
2075
6883
3372
2334
2548
2216
3666
8269
2991
2364
7900
2100
2450
5045
4475
5080
2208
1279
4752
4848
3675
2507
3263
2010
2664
2237
1047
2191
3360
2410
2336
3269
1061
7236
2605
3265
4305
2345
6069
1419
2617
3795
5400
1386
2538
7934
5866
3002
4106
9527
5513
1277
2551
2716
1690
3704
2221
2142
3955
2326
6437
2616
5971
2465
2871
3077
4502
2606
2576
4423
2313
2278
3587
3324
3815
2366
2843
3462
4367
2598
2921
2353
3681
3124
2358
2279
4156
8615
3083
1314
751
4403
1404
2318
2760
2223
1673
5253
3213
4100
1898
3189
2005
1928
1381
2201
4516
4309
1406
4091
3177
2874
2241
1429
1113
1231
5741
4141
4584
1344
1069
3190
3196
4866
5747
2147
2227
2675
3289
2628
2793
2779
4208
2255
4510
6231
1690
1349
3437
3200
2024
2280
1716
2477
3379
5042
1187
2259
3302
2416
1732
3088
884
4436
4340
2190
2885
4136
4589
3444
6873
814
4464
4168
4610
4538
1937
3179
5050
3157
3667
4609
2409
3803
1071
3741
2955
2814
1800
2650
5346
2024
4702
4024
2795
2970
776
2315
2843
2412
3794
3140
6169
2225
3695
2651
1936
2557
2919
6047
2813
2640
1509
2431
3508
2319
2648
4505
5755
1865
3595
1398
740
3016
1479
3008
1037
3020
2585
2964
1688
3853
2146
1267
1961
2510
3094
2187
4928
1993
2742
1912
5189
4077
1544
2140
1689
1352
5205
2726
3332
2878
6967
489
2134
2868
1206
2586
3487
1119
4524
5274
1700
3017
4993
5178
4486
2160
5103
3029
1201
2455
1823
1785
4050
1926
6530
1948
4902
4133
2072
1269
2403
4924
2534
4018
1129
3065
2237
1589
6254
1546
1910
2567
1446
8535
2332
2533
3132
2231
2797
1867
5750
3417
2670
1566
2612
2559
3605
1781
6361
3415
7577
1618
3211
2103
2109
3548
2589
3775
3326
2631
1142
4678
2348
2797
2282
7883
1434
3554
3842
2104
3725
1699
7540
1503
850
2266
8886
1841
4477
4570
1486
4585
3207
9074
3656
2237
2533
1986
2935
1958
4297
2152
7655
2396
3431
4827
4438
3201
7423
1858
4038
1524
4492
3449
2082
4720
1266
2384
1596
5162
4551
1826
6690
1911
4317
8264
2754
2435
4462
1806
6035
7324
908
4210
3655
4397
2755
4033
7179
1999
7035
1314
2881
4769
1196
3667
5263
3585
4034
7426
3323
3068
2484
2078
1202
2766
2305
5422
2457
1169
3541
4855
1958
8439
2074
8231
4878
2412
1795
3478
2789
2732
5505
3095
2503
1506
3535
1576
3981
2352
497
3232
1384
2739
1975
4334
4885
3340
3915
5318
1932
2865
4876
2768
3995
2939
1959
2099
1417
2963
2507
1554
2927
2022
2198
992
3404
6629
2736
2503
4881
1161
4954
3511
1777
808
3072
1902
1887
1498
1017
3476
4088
3802
2817
3113
6601
3803
5603
2476
4072
5306
1298
2529
1510
10295
3473
4858
8486
2091
7678
2163
1444
5772
5229
1615
2569
1669
5304
3294
1996
5514
2993
3457
6921
2817
2986
1903
3148
5242
2258
1930
4482
2652
6702
1346
2551
4515
4841
4277
2271
1661
4916
2800
3310
4015
2696
1953
1455
5957
4706
1969
3662
3694
2010
2580
1916
4157
2803
3034
1253
4712
1380
5274
4046
3837
3285
7771
2699
3229
1935
1128
2078
3824
1240
2541
5097
4530
1257
2116
5884
2684
2924
4135
2610
5298
2981
1645
5476
2732
3525
2463
5071
2946
2484
1635
4148
3913
4303
1540
1187
1866
1843
2421
2293
2566
3769
3917
5187
3206
4518
4767
2715
2281
4405
2667
4863
4517
13162
2709
2879
1294
2873
9117
5135
1943
4328
2359
2251
1365
3069
1075
2655
2320
2242
5124
3442
1540
4119
2676
1849
4187
5455
4806
5073
1966
3448
1503
3978
1394
1620
4137
2770
2857
2320
5052
3286
2974
3742
2784
2745
1742
4821
3368
4476
4278
3146
6957
3545
12171
9115
955
4446
6649
4645
2328
1639
4876
3837
2960
5136
2383
1882
1314
2686
3618
2556
2460
2361
3150
4629
1279
3847
2352
4183
3248
2323
5007
8167
2171
6705
3216
1604
3004
3260
16233
3696
1679
6249
1671
2041
5075
3582
3188
1609
1063
1835
1587
1518
3851
2467
936
5193
1689
3089
5994
2663
1802
2130
13108
4565
3814
2079
1189
4973
3976
2731
1597
2756
3069
2157
2129
1654
1809
4887
2237
3283
4775
2574
2794
2383
2927
3022
6087
1737
9642
6091
4890
2578
4086
3836
3879
6028
2840
1816
1680
4287
2417
3984
1080
2280
1783
1989
2888
3484
2028
1425
3578
3453
3682
2383
2545
1574
4997
5925
1358
5118
1464
3852
3526
5362
1774
7774
3811
1657
1685
2809
1794
1638
3240
2114
13045
3900
7838
2617
3114
1066
1501
2878
2210
4171
4353
5235
1672
7306
2739
3315
2522
3989
5318
5108
4069
1208
2903
4364
4879
2686
3740
1681
2627
2144
3420
2940
2703
4441
2972
3034
2193
3204
993
2546
4492
2497
3088
4853
5925
4009
3303
1407
7230
1317
4009
3469
1694
3619
3879
1680
1528
1703
2781
3834
2372
3647
1637
3723
1878
3933
3149
2635
4819
3865
5290
2281
2974
3838
4878
3152
4308
2563
2356
1436
3005
4505
1133
6178
6467
2258
3291
6495
3932
3513
5171
2852
5033
2401
3850
3145
2219
2269
1910
4383
2114
3467
1735
3633
1859
5563
4521
6182
2141
3072
3661
1878
3183
5207
4334
3487
1028
2195
2624
3519
4516
2625
2500
4988
1663
3059
3777
2611
5833
3560
3403
1479
3287
3944
3692
2812
2234
2065
4566
1152
4776
2966
1983
4982
3621
4270
3096
3636
3205
5056
2696
4644
1975
4590
3785
3489
4509
4623
2509
5878
3897
2293
2574
2239
7111
2229
3438
2786
2738
3904
1681
4244
1775
3220
2038
1468
4557
3976
3119
1586
6608
2677
2596
2948
4703
3545
1109
1419
2697
1699
2765
4482
3062
4356
2229
1557
5557
5323
4461
1530
1812
3605
3382
4858
5839
1500
2767
772
2505
2568
2094
3882
3958
6187
7872
4481
1639
2009
6017
1727
4280
6882
3571
10909
7583
2888
3838
4241
967
2389
2438
2725
1764
4225
1954
3696
2705
4400
4331
1933
2803
5502
2156
4688
4834
4008
4549
2860
2301
6857
1417
3943
1792
2629
3717
3069
3052
3665
1523
6173
1786
3304
1237
2205
2906
3367
1303
7505
1877
1987
4618
3415
2552
2944
6150
2681
1906
2975
2253
3387
2571
2780
2276
2815
4491
1518
1133
7977
2724
4859
2251
2653
1956
3421
5948
1919
1564
5059
3481
3517
1694
7044
1887
6820
5370
5222
2824
3310
5464
2645
3970
5400
3784
568
4072
4200
2734
2456
1861
2956
2480
1907
3909
794
1831
3915
3555
2876
1460
1856
8562
1794
4520
1756
1389
3528
3110
5041
2452
2143
2940
1273
3592
5225
4316
4074
1201
2145
4305
3160
5990
4993
2507
1891
6866
4114
1946
1502
2050
8094
2100
1351
1256
2315
1868
2050
1692
3071
4643
1816
1743
1438
2917
2375
2183
5414
1626
1723
5151
5072
4269
1756
5206
4792
3201
1647
3622
2381
3878
1452
4923
2149
1380
5153
1784
4432
3402
3289
2369
1740
3879
2765
2789
4106
4610
3187
2635
3593
3937
5316
3088
4204
3559
5525
5648
2668
1765
3367
8404
4223
2244
3127
2119
1515
2937
5851
3221
2840
2601
3789
3185
1785
4788
3543
2634
1928
4051
1996
3136
2730
3511
4740
6269
1678
4363
2868
1689
3816
4241
2351
6304
2881
4645
2215
2404
1913
4312
1888
1922
2802
2003
4327
1786
3198
1622
6769
4857
3169
3436
1736
3131
3956
2525
4690
3984
2142
1457
4051
1803
4227
1666
2867
2797
4944
1399
2378
3985
1564
5376
1725
2791
3721
2475
3235
1734
3281
3514
2906
5102
3911
2543
4529
3726
3799
9075
3399
2449
3335
1272
2660
3743
1344
5993
1949
2225
6516
2214
1548
3388
2888
4745
2887
2352
3196
2004
8299
6882
4020
1489
2288
5431
3500
4371
3652
6597
2921
2110
2145
1605
1479
986
3397
5036
3238
1810
2295
1624
4484
2745
2532
4166
5419
1722
3127
3222
3856
3785
3188
1949
7893
4548
4838
2669
3737
3546
3175
1353
3216
2175
3947
1015
2016
11298
1259
2442
2852
6128
2687
3481
1874
3366
7263
3971
5151
1392
2521
2774
10090
2389
2912
5445
2738
2353
5053
4476
4091
1203
6251
1626
5561
4980
4891
2023
3573
6097
3330
2973
2521
7984
3715
2068
2289
2896
2823
12441
3431
2470
2585
1498
3117
1935
8927
2659
3212
3239
1617
1990
3831
3189
2546
2863
2595
4803
2366
1056
7264
1931
1478
10340
2452
2392
1299
4409
3165
2537
7652
1214
1522
8694
8248
1996
1759
1073
4789
3197
568
4735
3909
3605
2038
1998
9430
2213
3337
4419
1967
2377
3215
5696
2436
1444
4023
2565
3430
2679
5083
4631
2904
4727
3225
3303
6364
5580
1246
1525
5765
3060
5605
4741
1383
14057
2106
5099
4594
1752
3069
2352
6416
2633
1656
3917
2629
3407
1963
7345
4231
2270
1771
3059
1889
2642
1911
2006
3431
3237
3650
1803
5485
5705
1605
4928
3539
7474
3357
4349
1332
3900
1675
2932
3974
2002
6181
2493
3594
4915
6498
6315
1665
1451
4489
4425
2105
2222
1242
3472
2867
4175
2928
2614
3861
1930
2655
4120
3646
825
1700
3835
1785
6902
6215
4863
1752
2719
4536
3193
1475
3809
648
2813
3169
877
6624
1264
1420
783
5442
1232
3326
8298
3312
5946
1786
3712
2928
3489
1476
5435
2437
2170
2727
4747
4665
3525
2876
4036
3637
3585
2971
8352
2004
3010
1321
5737
2002
3561
4821
4983
2853
1624
2431
2575
4725
4755
2292
903
2777
5006
6311
2536
13638
3995
3112
5191
6417
2752
2656
1844
5232
1453
2070
2363
4788
3878
3438
1016
1438
2793
3346
1898
5533
1738
5993
7317
1673
1539
4308
3409
1707
2533
5946
1835
3221
2444
3898
3454
1624
1809
2765
2847
1515
4293
2855
4580
4073
2171
2321
2532
2785
3431
4744
2910
4255
3356
2386
1536
4910
2194
6623
3640
1712
2041
2923
4910
2453
2185
4174
3692
3017
1147
3647
4069
1295
5862
3229
2193
2437
2212
1808
1867
3435
9353
2402
1577
1134
9492
5593
4141
8611
1925
5332
2646
3260
2696
1934
3257
2071
3443
4984
3084
5137
2414
1287
6949
1100
2482
2737
3404
1291
2754
3570
1079
1732
3678
4945
2033
3622
2903
2397
6054
3756
2172
5201
2720
1814
3473
3497
6701
2224
11377
955
2502
2274
2854
4498
5842
2985
2934
2711
4447
1626
3843
1999
7596
3299
3917
2143
2339
6759
4093
4386
2050
6689
5050
3160
3640
5120
2281
2612
4651
2445
3280
5401
3653
1227
3712
841
3109
3069
3909
3431
1492
2697
4315
3023
4192
5802
5455
1436
2949
5014
3496
5317
7136
3655
1533
5184
668
4739
3168
1958
4550
4869
1720
4247
3549
2193
2224
2144
2616
2236
2195
2887
1611
7715
4030
1868
4826
6315
1708
2591
3746
3153
3822
2089
2724
1363
3061
2619
2703
2630
4413
3222
3087
907
8838
1465
1920
3080
3104
1141
1515
3786
1102
3870
2254
5337
9817
993
2789
3401
3339
5900
11285
3665
6233
1889
4227
6528
993
4357
3657
2610
1517
1218
2657
1835
3072
3279
2544
2222
2730
5321
4025
7552
3930
7451
2292
4520
4175
1840
2142
1555
7729
2859
1841
3389
3542
1385
4094
2790
5264
4743
2156
2308
1967
1476
2810
3555
2841
4185
1809
2265
2388
5887
3792
5632
2616
2850
1303
666
4455
4538
5086
2100
2882
2264
2836
3612
3947
3983
1234
1359
6294
3581
1232
3989
3561
4487
2537
3304
876
1992
3034
3263
1321
1464
1358
3279
4063
1931
1760
7362
2934
3129
3017
4379
4225
2130
3795
1392
2884
2940
2298
5328
4710
2165
3101
6447
2437
3344
3829
2616
5125
3610
2248
2986
3162
2926
4405
2108
3406
6947
3494
5552
3647
7677
1491
4114
3384
6246
6459
1245
2624
2994
9096
2094
3366
4613
4159
4749
1603
2219
3157
2731
2873
2608
3306
4259
2427
4482
4576
3579
1671
1731
4268
2274
4842
5622
2079
2966
2717
950
5099
4030
1639
4421
4561
2910
2965
5600
1619
976
3474
2734
1972
4385
1786
2127
1897
3752
3869
2247
4394
2641
4733
2354
5195
4494
5434
1996
4565
4059
2731
1841
5448
3496
2924
7075
2096
1327
3132
1332
2137
6688
4506
2210
2985
7889
1695
4110
1733
5399
2829
2695
1147
2939
3449
1176
3355
1822
2132
2635
3436
5789
2177
6217
5560
4549
986
2200
3603
3634
3247
1979
4529
3795
3229
2421
4153
880
1961
2636
3421
1976
3747
2069
10274
2040
2918
2745
5705
2125
1706
2530
4228
2339
1298
2137
1290
4480
1699
2927
2857
1958
6905
8438
9240
3972
2379
13535
3352
2536
2910
3557
4320
4248
2701
3541
1677
3417
2596
2589
4114
1718
1632
3834
3164
4880
4391
3028
3746
3465
3006
1643
4050
4407
2023
1987
2840
3027
4055
9702
2718
4229
5100
1929
2549
2258
5689
1844
3404
4052
2367
2166
5592
1408
1465
3058
5523
5372
1572
4320
2354
1025
3154
7839
3495
1315
3040
1776
2441
4054
4011
2249
3491
1358
1006
3230
1240
3979
3460
2864
1495
2283
6022
3271
7146
11324
6285
2442
4274
2136
2710
3723
4467
2906
2950
3124
3201
7326
3884
7542
1519
3920
2010
2435
3437
1596
1900
2122
2562
6915
4761
3692
4736
6183
2082
4066
4275
3042
4770
4049
2311
1384
3850
1565
1221
1381
1190
3419
4354
2752
2675
3066
3003
1608
4081
2946
2310
2848
4280
1782
9734
3288
2961
2674
1752
1619
3234
4026
6123
3586
6858
7201
3588
3572
7302
3162
2688
2867
2958
2045
10928
3039
4176
5452
1432
1645
3135
4696
4315
2002
2875
1804
5074
3216
2865
1151
1206
3856
7594
3569
4399
3125
5406
5291
2746
8533
2146
7349
3889
2922
1907
1074
2287
3208
843
3010
2812
5207
2103
4867
1725
3532
6072
2753
4220
2393
7821
1979
1701
3194
7478
3949
4988
2068
2549
2311
2514
3341
2851
2167
3424
2369
2632
3130
4974
3523
3264
2928
5121
3997
1088
2278
3700
4813
2769
632
3753
3411
3674
3788
3672
2152
2593
1433
5489
1048
2719
2957
4522
3317
1366
1980
3948
5948
2557
1925
2286
1656
3078
2894
1138
4429
3179
2557
4526
2686
1958
1135
6047
2124
1686
7634
1968
2965
3382
4130
3135
4607
3108
4486
3024
2139
1699
1136
3518
8841
2614
1858
2109
7299
1860
1270
4063
2943
1795
1674
5676
2664
7120
6416
2902
1851
1722
3895
3503
3666
5122
1497
4458
2459
934
3697
4306
8689
1556
1100
3158
2637
4009
3857
5176
3554
1303
2714
3035
1941
6691
4492
9529
1918
5362
3158
2177
4484
6205
3190
1496
3898
2496
962
2361
5545
4109
1530
2246
1671
3000
3602
1862
2304
1416
3025
4106
3223
1596
4120
3561
4188
3392
2333
4247
2219
3442
2955
2425
2141
6651
5256
6087
1354
4714
3143
2838
5263
969
2121
3314
7856
5960
2206
2225
4130
2886
5801
3123
4638
2597
3505
2213
2553
6802
2376
1844
2138
5753
2681
7265
3759
1633
4787
10459
4841
3311
2246
5023
3153
5836
3396
1351
4030
5476
3449
5701
3115
4103
3247
2497
2634
2573
1473
1925
4117
4983
2778
1506
2170
2058
2451
4543
4121
1882
6875
2215
2787
1727
5520
1639
3059
1791
3162
3101
4129
3172
4294
2437
2000
5031
4015
2008
2182
4918
2930
2173
2797
2818
3859
1880
1918
3091
2850
2932
3760
4750
1853
2908
3764
9863
4636
4454
3680
1785
3373
1942
7015
3256
1584
3285
1771
2822
6140
5345
2542
3031
4669
5401
3824
4396
1484
2801
3939
2245
6283
4612
1625
1469
7475
2463
3797
1906
1590
2712
2521
1735
1164
4465
2641
2986
3772
3001
3639
2952
2668
2740
1841
1374
3473
1439
2684
2161
1776
2955
3003
3846
4947
3675
1961
3402
3151
3348
2946
2654
11178
5452
2400
1852
3043
2958
3686
7805
1530
3058
13257
3648
4269
7263
3934
1794
1445
3377
1633
8569
4176
4746
2148
3377
3040
1623
4679
2162
2640
3627
2005
4001
3711
1577
1593
3582
3294
2215
3190
3537
5401
3693
2499
3449
4834
3610
2046
5596
2699
5195
3140
1405
1955
2063
768
4992
6182
2438
4371
2021
7641
3301
2087
2889
2969
3937
2962
3545
8788
2057
1687
2499
6295
4906
6927
2216
4057
5568
5729
778
3175
4304
3587
3301
1955
1702
3099
1984
2437
3714
3684
3806
3478
3653
836
1486
4381
4612
3086
3541
2345
2620
4281
2476
4749
1532
5339
2938
4092
1659
5887
2467
1103
3145
1808
2630
1688
3441
3644
2284
2054
2167
5880
3878
5428
2075
2218
3166
5282
2409
3305
1996
4195
3037
2277
2461
1196
2775
2057
3522
3386
3379
4019
3088
2237
1908
2208
2792
6601
2702
6107
2639
1423
3059
2899
2834
1156
4261
2462
7291
1706
1566
3170
2860
1871
2822
6368
2324
1174
4397
1479
2104
2772
5894
1130
7168
3129
3817
4336
4904
3197
3114
3543
3838
6576
4018
7032
6470
1451
2607
2900
2873
2171
2800
2700
2169
6210
2237
6144
3608
5240
2617
1833
2017
2555
3403
3869
4891
2355
5489
1659
1994
5840
5379
2153
760
2420
2556
1897
5377
2028
2739
2810
3550
1693
2664
6921
1540
1799
1292
6585
2912
3274
3639
1253
2728
6123
4031
3429
4805
2250
5225
4471
2399
1352
2690
2451
3604
2311
2722
4294
2173
2607
2794
3141
2381
2857
3789
4306
4217
924
1814
1219
4136
5018
7582
1752
2450
2339
1544
5744
2903
2711
2460
2099
1767
2504
4641
2727
4898
8384
2635
3959
3835
3655
2229
6347
4196
2469
3872
2636
3838
3949
3364
3291
5064
2694
3516
1276
4856
5739
1659
16114
3103
2953
1494
2422
3243
3106
1955
2729
9018
2812
2448
1058
1507
1894
2413
3894
2018
3959
4074
3183
2776
5394
6225
6189
3482
4273
4454
4746
2285
5120
3895
1605
3935
1495
2665
3970
4294
2186
3212
1305
2926
1847
2366
3272
2076
3485
1537
1245
4897
3270
2510
3446
4757
2622
2240
4218
3871
1170
3602
3131
4350
3598
2295
2452
8958
5672
3790
1832
992
2613
4112
3214
2020
2487
2989
3201
2742
2463
6202
2549
1037
2346
1837
2503
2626
2688
4080
3781
4547
5005
3326
4261
3915
2255
4353
3524
10438
4270
3380
2503
3648
2544
5893
3811
4886
1607
2990
2158
8586
2530
2733
2694
2330
1262
2368
1665
1771
3517
3886
1138
4736
6353
2762
6597
2311
1545
4238
11551
1932
8038
2531
2697
4042
1588
3472
4270
3578
2293
6089
2379
3650
4511
1694
1085
2273
1610
3125
1422
3579
2414
3518
8398
1065
4476
2239
4569
3265
1516
4092
1935
1619
2012
6053
1419
4850
7542
2967
1063
6570
3055
8135
2602
1745
3721
2975
6811
6233
1959
4311
1646
5653
2180
4819
2351
6550
1183
4074
2409
783
5445
3184
1816
2675
2573
1746
2425
2435
3322
8823
2964
2760
3121
3460
2589
1250
3699
2788
2016
1311
2818
1209
3598
1540
3363
7174
3004
1153
1622
1751
3237
3194
3431
3021
1202
5033
992
4545
4640
3185
1789
7150
2530
1433
2958
4635
2543
1719
3470
1674
3573
2297
700
2631
2549
2755
2945
3555
4200
2102
3483
3070
2621
2437
2822
2098
2269
7276
2232
6036
1846
2291
1139
4363
5989
6361
4708
3427
2056
2985
4784
2902
2118
2592
1214
2342
1973
1842
2233
6960
3584
3011
4560
3457
3655
11693
2267
1904
2365
2266
1613
5065
4957
2763
2520
2047
4285
1847
3778
2020
1376
2711
2615
1971
3074
5193
6965
1596
1449
1556
1683
4602
3860
3823
2735
1878
9633
9304
2184
5251
8435
5281
2041
2772
4267
6489
1758
6685
4674
1789
1673
3043
3100
3565
4210
3508
3381
4392
3587
5967
1637
3248
2735
3219
2295
3159
3331
3577
4282
3455
1481
3517
2504
8211
2480
5987
5658
3035
2318
2211
7375
1692
3994
2558
3927
2840
1815
2993
5072
1611
3356
3925
1276
6840
2187
6692
2587
2901
3112
4141
8409
1915
2308
6902
1573
2007
4239
2765
3888
2695
2046
2443
862
1413
3235
2360
4682
4605
3575
897
4890
2905
1777
1460
2493
3429
2457
1985
2855
11111
4868
5551
5958
3267
4515
1312
4006
1563
2806
2707
910
1188
1122
3349
5938
2689
2872
2903
3020
2019
4153
5634
3147
5150
5293
4215
6015
2593
1483
2071
6002
3238
3584
3947
3416
2597
2325
4977
642
2427
2080
2804
1780
2219
1755
3893
5696
2525
7372
1746
2439
1901
4502
3069
3561
4797
4421
2139
2356
1818
4233
3860
3199
2123
1513
3115
3007
2825
4027
3626
2489
4453
2681
3475
1033
1532
2779
2632
7057
2004
1653
4705
5810
2438
2699
2632
1998
4508
3420
4401
5616
5305
4915
4673
796
3327
4248
3190
4444
4349
4364
2484
1240
2790
4457
1851
2545
6373
3423
553
4830
3479
2250
2110
3185
3745
4888
3604
5506
4827
3094
1149
11719
1661
3236
1842
1481
3190
4937
4792
2380
3481
4891
5181
1532
2660
2512
2903
3081
4452
2046
3500
3387
3310
6491
3443
2496
4730
1736
1928
2296
2097
6120
5559
3858
2203
3082
3845
2571
2330
6490
2807
1090
6032
1106
3246
4471
2664
2287
3547
2858
2249
4699
6749
1692
1284
3173
5728
5276
3439
2491
3896
4563
1511
5030
1807
2178
12466
1398
1421
1167
2819
4278
3642
3273
3002
2890
4895
6109
3145
1913
5715
1249
2917
1247
2376
5659
5286
2877
3058
2640
6994
3358
5655
2556
4553
2444
3111
5068
2220
7990
5566
2315
5098
9532
1808
2818
2824
2513
2383
2364
2688
3741
7369
1318
6161
3333
2177
3280
2775
2249
1570
2346
1276
2614
1353
3206
1434
2865
3730
2488
3434
2089
2263
3673
5820
6586
3996
4175
1523
2830
2280
4159
2957
5510
3573
1753
2781
2740
3289
3340
1932
4606
2388
4184
1105
7732
1705
2068
2130
3056
6598
1735
4174
9747
3415
2157
1744
4474
4142
2886
8019
2440
3427
4409
3462
3180
3729
1574
7413
4875
2223
1433
3727
8160
3311
1271
3686
2688
5870
1317
3363
3399
1591
3795
3586
4207
2409
8192
1106
2453
1366
3860
2633
2537
1808
1872
2529
4667
4453
1180
1993
5505
2239
1287
2855
2250
2635
6225
1984
1593
4051
4794
2751
3091
3121
2084
7703
1729
1263
1446
1288
1827
11630
3213
1156
4167
3241
4242
2510
2445
2007
4584
4609
4995
6839
4281
3046
1866
10321
3622
1642
1923
11328
3860
839
2414
3983
7694
3849
2851
1497
1935
2534
2958
2013
9820
3202
2193
5038
2864
1970
8083
6266
5340
8606
4563
3939
4087
3522
4389
2310
6441
2078
1958
3028
5000
3350
3170
1453
3353
1627
4400
2721
2651
3436
3049
3331
7878
4832
3031
5520
5875
2507
3692
3785
3823
2513
1373
1549
4121
6445
2155
3449
5207
2463
1837
2365
2836
2019
4228
5529
3289
2158
5620
4389
2901
3185
1420
3348
2316
3117
2410
1894
3725
4309
3772
2064
4146
2205
1796
3313
4018
1452
6519
4924
3671
6200
1197
2426
1748
4146
2211
4217
2169
2788
3415
2484
5272
6729
4052
3553
4179
4705
3758
9083
3028
2926
4689
3418
2636
3253
3104
3418
1739
3390
2580
2767
5555
5952
3591
2816
2189
2456
3167
902
10731
1496
2302
3754
4797
3892
3327
2895
3656
2201
10013
2419
1328
6850
9651
2292
5580
3702
3477
3430
3308
1491
4708
2257
3830
3907
2435
1655
1586
7934
3964
3284
6698
5523
7298
3801
1819
1562
1352
2343
5304
2315
2359
1175
2628
2855
5039
3849
1635
3476
3763
3019
1774
3117
3565
3223
3513
3309
2152
1402
7092
2966
2767
2293
3520
1560
3019
2327
4798
7364
1270
4092
9400
3588
1983
3168
2693
4864
1990
4219
3664
1635
4868
2875
2308
4840
2765
3525
1236
2604
1717
4572
2370
5417
2108
1735
4785
1015
4210
2058
1262
2589
2850
2857
3618
6820
2498
2542
2874
3643
2975
4467
3023
2345
4890
2710
8275
4789
3421
3112
1549
6093
3001
7540
2043
2833
2351
1427
2342
4911
3337
1783
5893
1331
1645
4424
3002
862
4297
4185
1983
2597
3335
4726
3187
3440
3151
6305
2598
3486
2462
3288
3192
3632
3119
2482
5327
1696
1068
5257
4731
4375
3980
2743
2227
3260
3467
3485
4128
2038
2427
2321
1144
4189
4242
5150
4130
1443
1966
1861
2318
4432
3349
2543
4049
4270
3441
5822
