2977
3020
3017
2975
3010
2996
3008
2964
3034
3008
3000
2928
2982
3041
2958
3016
2985
3005
3002
3035
3033
3032
2977
3006
2981
3046
3016
3008
2988
3005
2995
3025
2957
2928
2994
3040
3001
2982
2949
3042
3006
3026
2996
2951
2964
3082
3006
3026
3027
3025
3028
2995
3053
3041
3031
2990
2989
3021
2974
3020
2967
3012
3031
2971
2983
3043
3015
3024
3040
2981
3003
2989
3014
2987
3035
3040
2981
2966
3007
2922
3034
3038
2955
2984
3050
2994
3015
2997
3006
2984
2949
2986
3016
2922
2984
3008
3052
3031
2975
2992
3040
3060
3029
2992
2998
3030
2996
3016
2999
3027
2937
3000
3012
3018
3033
3009
2961
3024
3006
2965
2999
3051
3068
3007
3015
2929
3017
3007
3040
2994
3056
3006
2997
3027
2978
3015
3004
3036
2954
3027
2993
3001
3016
2990
2973
2946
2983
2984
3031
3015
3027
3019
3057
2942
2968
3001
3035
2920
2983
3032
3017
2981
2963
2966
2974
2935
2999
2990
2995
3030
2975
2999
2985
2998
3013
3001
2954
2966
3010
3019
2959
2997
2992
2910
2997
2920
2999
3020
2989
2965
3018
3016
2979
3056
2987
2984
3037
2978
2973
2967
2994
3024
3054
3021
2986
2952
3000
2982
2947
2986
2969
2979
3004
2978
3005
3039
2974
2984
3017
2977
2990
2979
3044
3007
3027
3009
2994
3004
2949
2995
3006
2969
2994
2988
3077
2966
2975
2946
3043
3031
2965
3029
2998
3008
3045
2978
2956
3002
3006
2992
3046
3010
2966
3017
2997
2954
3020
3008
3011
3002
2988
2982
3060
2973
2925
3034
3007
2992
2924
3032
2982
3016
3027
3024
3009
2949
2935
2970
2972
2991
2987
3006
3019
2957
3045
3052
2995
2987
3079
2962
3049
3043
3008
2948
3003
2977
2991
2985
2969
2916
2965
3031
2977
2989
3054
3045
3005
3015
3001
3021
3016
3009
3001
2982
3053
3037
3008
2998
3019
2975
3078
2989
3036
2993
2978
2980
2966
2981
2970
3023
2949
3022
3032
2980
2973
2958
3008
2970
2971
2978
2991
2974
3015
2994
2997
2961
3039
2949
3016
2959
3006
3004
2987
2992
2929
3053
3011
2984
2982
3033
2985
3019
3007
3004
2989
3055
2998
3022
2984
3020
3006
3034
3012
3042
2970
3023
2992
2964
2974
3003
3013
2976
3016
3046
2994
3007
3030
3017
3003
2965
3059
3032
3000
2999
3028
3020
2983
3066
3019
3026
3043
3010
3033
3011
2960
2933
3026
2976
2973
2944
3000
3003
3040
3025
3024
3019
3050
2992
2960
3044
2980
3049
3034
2971
2972
2971
2986
3012
2991
3034
2923
2941
3030
3010
2963
3023
3014
3012
2984
3036
3018
2918
3022
3070
2997
2986
3081
2972
3009
3049
3014
3017
3001
2974
2971
2958
2967
2992
2973
2989
3028
3029
3013
3025
2973
3028
3045
2985
2963
2972
3033
3051
2991
2962
2976
2991
3027
3049
2983
2949
2969
2981
2997
2924
3015
2975
2985
3066
2996
3029
3041
2968
2941
2959
3016
3031
2987
3023
3003
2994
3002
2971
2979
2961
3041
3013
3016
3014
2993
3036
2996
2967
2975
2951
2987
3021
3020
3041
3024
2985
2946
3037
2989
2998
2965
2982
3043
2997
2917
3046
3011
3039
2984
2993
2992
2953
2975
2961
2976
3029
3032
3021
2969
3009
2972
3016
3012
2977
3004
3028
3019
3003
3016
2967
3012
3002
3018
2994
3004
2971
3039
3027
3004
2973
2998
3059
3011
3045
3000
2976
2986
2986
3032
3005
3018
3061
2976
2934
2957
2980
3053
3013
3035
2987
3044
2972
3016
2951
3038
2990
3009
2969
3014
2992
3019
3013
3013
2993
2994
2951
2962
2981
3000
3021
3013
2934
3036
2981
3038
3001
2988
2969
2928
2993
2972
3004
2966
3039
3028
2986
2893
2983
3005
2970
3005
2993
3023
2939
2978
2957
2939
2990
2967
3005
3005
2936
3013
3006
3055
2984
3046
2987
3036
3015
3036
2989
3026
3019
3035
2970
3011
2991
2986
3068
2970
3003
3026
3046
2969
3009
3018
3035
3007
3003
2946
2995
2947
3023
2962
3005
2960
2985
3018
2978
3005
2959
3017
2945
3009
2995
3026
3076
3019
3016
2937
2999
2945
3023
3011
3029
3020
2983
3102
3009
3035
2988
2947
2980
3032
2984
2962
3057
2968
2963
2979
2988
3004
2986
3042
2945
3067
3009
2991
3024
3005
2947
3012
2992
2993
2936
3037
3009
3010
2990
2980
3024
2923
3039
2982
3011
3002
2976
3013
3016
2996
3013
2977
2976
3020
3009
2989
2976
3003
3038
2986
3005
3008
3010
3028
3013
3061
2984
3003
3026
2973
3062
3045
2987
3029
2989
2992
2987
3050
3024
3036
3057
3047
3021
2996
3001
2987
2986
3030
2996
2984
3005
3002
2996
3018
2977
2970
3011
3034
3042
3026
3009
2951
2976
2989
3027
2995
2959
2999
3012
2952
3033
2999
2984
2988
3058
2932
2976
3046
3019
3068
2977
3030
3007
2961
2967
3049
2998
2974
2960
3018
3061
2973
2996
2980
3010
3027
3024
3034
3025
2992
3021
3034
3026
2982
3037
3032
3006
3067
3040
2965
2980
3003
3005
3029
3042
2980
3014
2940
2980
3016
3009
2975
2981
2984
2990
2998
2972
2993
2961
2988
2999
2970
3071
2994
3012
3037
2969
3045
2977
3035
2978
2958
2974
3031
2968
3024
2931
3018
3029
2973
2972
3009
2969
3018
3013
3015
3052
2973
2979
3033
3021
3013
2983
2999
2982
3007
3018
2995
3015
3015
3006
2978
2979
3007
3035
2996
3004
3001
3025
3007
3000
3047
2948
3011
2995
3000
3017
2958
3005
3025
3016
2950
2996
3035
3048
2986
2992
2984
2969
3044
3036
3043
2959
3013
2957
3016
2929
3030
3016
2981
3033
3004
2995
3033
3058
2974
3003
3025
3023
2953
3030
3004
3007
2941
3050
3037
2990
3021
3060
2976
3041
3010
2990
3009
3007
2992
3039
3019
2961
2969
2957
3011
3051
3006
3056
3038
3028
2983
2960
3006
3026
3009
2985
2968
2978
3002
2953
3011
3045
2987
2981
3026
3000
3004
3033
2985
3005
3042
2964
3000
3008
2973
3031
2941
3021
3026
2987
3032
3008
3023
3000
2968
3037
2972
2991
2976
2992
2974
2974
3077
3035
3019
3016
3025
2987
3014
3031
3021
3029
2934
2969
2960
3030
2987
2995
3014
2995
3017
3015
2996
3011
2998
3045
3002
3020
2957
2991
3029
3019
2961
3007
2991
2961
2966
2998
3005
3002
2966
3001
2972
2970
3026
2994
3043
2988
2988
2951
2976
2953
2989
2981
3014
3012
3001
2976
2971
3021
2993
3012
3015
3027
2981
2981
3017
3023
2994
2995
2990
3009
3022
2945
2999
2990
3051
2986
2972
3010
2970
2963
2999
3035
3010
2931
3010
2975
3034
2984
2969
3025
2953
3043
2994
3012
3006
3029
3032
3023
2997
3019
3000
3007
2995
3000
2988
2951
2993
3012
2967
2916
3009
2995
2963
2984
2967
3034
3046
2981
2991
3066
2987
3024
2952
3003
3035
2981
3024
3014
3033
3011
3007
2923
3030
3020
2995
3031
3020
3021
3009
3019
2956
2994
3010
3003
2998
2942
2974
3028
3003
2988
2955
3058
3020
2961
3012
2962
3020
2984
3029
3077
3023
2999
3034
2999
2933
3041
3015
3033
2957
2963
3028
2932
2998
2965
3012
2982
2985
3029
3023
2993
2997
2978
3049
3062
2993
2970
2973
2962
2994
2988
3019
2948
3023
2975
2997
3004
2990
3008
2952
2998
2970
2982
3014
3001
2978
2985
2963
2952
3029
2931
3008
3003
2993
2964
3034
2976
2972
2994
3011
2989
3020
2993
2999
2943
3019
2950
3033
3059
2988
2978
3014
2968
2992
3032
3013
2967
2970
2925
2979
2968
3013
2978
2999
3079
3026
2920
3048
3026
2970
2981
3004
2997
3024
2996
2967
2984
2991
3006
2967
2956
3007
3012
2989
3038
2965
2973
2979
3012
3022
3009
3001
3006
2990
2961
2990
2998
2991
2982
3053
3006
2958
3087
3005
3011
2985
3034
3048
3005
3002
3051
3073
2990
2993
2985
3025
2996
2959
2998
3001
2992
2982
3017
2993
3035
2979
3008
2986
2999
3028
3022
2994
2977
2969
3052
2991
2995
3033
3016
2930
3033
2994
2997
3024
3006
3007
2914
3013
2997
3006
3024
3001
2979
3041
2983
2947
2964
3024
3027
3030
2963
2967
2975
2990
2982
3031
3009
3048
2949
3008
2985
3010
3043
3002
2936
3006
3023
2975
3074
3008
2987
3031
3018
2997
2980
2996
3050
2999
2998
2954
2973
2980
2954
2978
2988
3041
2976
3012
2990
2974
2961
3005
3028
2989
2926
3007
2977
3021
3017
2988
2979
2955
2989
2991
3014
3026
2986
3008
3000
3016
3007
3035
3007
2917
3014
2946
2972
3025
2958
2978
3023
2975
2951
2985
3011
2983
2956
3015
3006
3024
3017
3071
2984
2966
2995
3003
2917
2984
2955
2963
3052
2990
2985
2987
3016
3020
2972
3016
2979
2991
2971
2990
2956
2998
2980
3033
2991
3007
2953
2994
2960
3030
3022
3019
3028
3012
3016
3013
2959
3001
2953
2940
3003
2977
2974
2998
2992
2977
3024
3036
3066
2976
2988
2994
3004
3017
3036
3010
2949
3022
3023
2932
3008
3030
3008
2938
2995
2987
3003
2977
3005
3032
2976
2952
2998
2997
2986
3002
3026
2970
2988
2957
3013
2987
3027
2967
2973
2980
2972
3004
2988
2995
2999
3006
2943
2979
3029
2970
3035
3026
2967
3026
2992
3026
3017
2969
2995
3013
2983
3009
3006
3038
3020
2977
2937
3012
2989
3004
2937
2986
3003
2992
3012
2971
2961
2997
2969
2975
3040
3012
3016
3011
2999
2951
3013
2994
3061
3010
2993
2952
2982
2992
3012
2972
3012
3000
2965
3029
2986
2969
2953
3005
3041
2988
2951
2998
2986
3000
2980
2984
2985
2979
3051
3021
2997
3004
3012
3056
2989
3030
3018
3037
3034
3003
2995
2987
2996
2969
2977
2998
3019
2996
2998
2992
2986
2993
2997
2988
3009
2987
2995
2988
3013
2943
3077
2990
3007
3038
2988
3007
3028
2999
2996
2980
2992
2984
3002
3020
3052
2991
2968
2983
3011
3006
3028
3013
3001
3051
3014
3038
2991
2973
2996
3007
2932
3008
2996
3025
2967
2949
3056
3004
3000
3009
3007
3022
2955
2973
2962
3025
2992
3001
3001
2969
3028
3028
2979
2997
3034
2981
3016
2992
2970
2990
2998
2999
3034
2936
3001
3020
2974
2958
3029
2963
2988
3013
3005
3027
3047
3025
3022
3013
3032
2984
3008
3036
2994
3013
3004
2962
3019
3000
3001
2969
3051
2986
3012
2968
2988
2994
3024
3034
2947
3051
2975
3060
2976
2896
3024
2974
3023
3008
3046
2980
3019
3027
3002
2974
3004
3023
3056
2999
3007
3002
2966
2936
2923
2984
2986
3018
2976
2952
2977
3012
3037
2929
2971
2997
3018
3050
2998
2979
2996
2979
3001
2971
3057
2994
2975
2986
2999
3006
2998
3023
2982
2962
3031
2979
2998
2991
2946
2995
3011
3028
2965
3022
2975
3005
3060
2968
2980
3035
3022
3013
2964
3009
3025
2982
3018
2968
3005
3020
2913
2974
2990
3038
2980
3018
3016
2995
2922
2987
3009
2966
3017
2983
2973
3014
3020
2980
3031
3019
3033
3051
3062
2966
3016
2981
3021
3050
2986
2991
2976
3037
2980
3048
2999
3023
3017
2999
2954
3008
2979
2952
3010
3002
3036
3018
3002
3005
2960
3064
3020
2998
3003
2997
2942
2993
2986
2978
2994
3028
2950
2972
2996
3008
3010
2970
2978
2913
3027
3018
2991
2962
3010
2971
3026
2970
2986
2987
3051
3038
3004
2989
2968
2977
3030
3071
2970
3028
2992
3026
3022
2949
3024
2994
3032
2973
2997
3038
3018
3012
3011
2944
2968
2988
3009
2989
2973
3042
2979
3021
2944
3022
2970
2991
2972
3006
2993
3025
2970
3008
2970
3020
3000
2985
2992
2983
2957
3040
3020
2989
2968
3028
2988
2995
3048
3006
2978
2965
3029
2989
2949
2977
2958
3058
3019
3035
2984
2965
3063
3014
2971
3000
2970
2932
2972
3033
3005
3003
3014
3016
2991
3022
2985
3002
2966
2994
2949
3045
3034
3009
2983
3024
3036
2935
2997
3029
2956
2963
3038
2987
2972
2987
3048
3008
3029
2995
2979
3033
3005
2994
3001
2981
3021
3016
2974
