16271
2075
1042
2037
39354
516
519
3133
16386
684
384
898
8186
7198
458
511
512
2034
2053
16615
1043
516
2034
1031
2080
524
4169
2071
2040
8200
2066
4089
4111
1018
383
1039
516
1038
4129
4133
2062
2034
2037
2032
2057
16778
16409
4068
769
785
1049
509
520
512
20723
388
4115
4142
16548
4092
16408
1016
1034
2097
4155
4177
4192
4126
2073
2094
1036
16778
16774
16602
2065
16666
16574
16730
4149
33361
16534
16467
16585
16742
16626
16733
16406
16496
16367
16380
16322
16362
14004
16460
16626
16724
16781
16361
16621
16498
16363
16337
16361
16775
16452
16414
16423
16546
16620
16536
16330
16392
4093
16777
522
509
1041
16369
16625
16337
16407
16471
16337
16720
16750
16428
16390
16395
16494
16647
16348
16397
16448
16493
16549
16530
16453
16571
16532
16312
16690
16520
16717
16630
16302
16302
16396
16390
16578
16779
16791
16662
16387
16436
16465
16461
16595
16359
16655
16355
16381
16582
16477
16406
16588
16273
16598
16509
16444
16441
16256
16373
16385
16645
16488
16555
16605
16304
16367
16417
16377
16434
16317
16325
16268
16630
16596
16433
16353
16462
16385
16749
16390
16409
16327
16365
16498
16432
16498
16554
16499
16296
16693
16587
16406
16464
16321
16607
16487
16422
16684
16302
1018
4125
4161
4163
4167
16472
16445
16543
16576
16738
16699
16562
16654
16532
16672
16683
16581
16469
16411
16575
16692
16713
16587
16645
16692
16667
450
450
16683
16643
16462
16431
16339
16446
16757
16632
16787
16467
16321
16438
16574
16435
16362
16735
16279
4114
16379
16651
16385
16697
16398
16418
16527
16309
16563
16565
16331
16368
16482
16422
16735
16779
16651
16492
16377
16569
16674
16552
16643
16439
16281
16457
16300
16545
16537
16556
16712
16368
16515
16733
16700
16450
16486
16480
16714
16640
16723
16710
16638
16671
16532
16602
16588
16600
16786
16718
16611
16676
16788
16580
16557
16527
16544
16701
16726
4082
16682
10382
16622
16736
16648
16721
16650
16424
16503
2047
16573
16423
16474
16602
16564
16328
16602
16410
16653
16572
16738
16599
16391
16490
16649
16395
16436
16785
16533
16587
16505
16308
16614
16428
16302
16680
16522
16675
16537
16315
16612
16474
16499
16471
16365
16396
16409
16787
16415
16461
16404
16448
16459
16474
16484
16605
16340
16387
16326
16361
16670
16452
16641
16544
16532
16745
16652
16449
16439
16376
16589
16528
16336
16424
16513
16757
16536
16669
16621
16576
16427
16534
16464
16513
16570
16343
16412
16359
16584
16655
16673
16345
16560
16759
16488
16637
16324
16344
16655
16394
16495
16313
16621
16654
16379
16591
16676
16722
16658
16579
16451
16430
16448
16503
16320
16486
16426
16689
16556
16559
16465
16748
16616
16651
16489
16277
16557
16506
16560
16440
16604
16465
16717
16664
16354
16527
16495
16686
16649
16324
16430
16510
16636
16437
16633
16585
16601
16431
16306
16676
16544
16682
16787
16577
16775
16759
16510
16491
16500
16370
16554
16354
16555
16467
16716
1024
16570
16570
16524
16408
16667
16356
16425
16499
16691
16428
16738
16751
16688
16408
16693
16543
16450
16538
16471
16635
16563
16668
16435
16566
16732
16351
16439
16283
8166
16497
16483
12524
16762
16640
16375
16475
16471
16386
16495
16524
16588
16581
16506
8328
16598
16529
16685
16571
16541
16452
16412
16511
16460
16332
16336
16612
16666
16726
16766
16638
16391
16567
16400
16478
16447
16371
16542
16697
8265
16751
16469
16567
16421
16778
520
16597
16568
16446
16265
16427
16477
16495
16435
16332
16605
16764
16734
16609
16349
16638
16487
16575
16642
16293
16438
16525
16702
16605
16661
16727
16755
25102
833
13914
33539
8368
16502
16726
16717
16678
16717
16663
1027
16550
16624
16488
16565
16785
1044
1014
1036
16395
16591
16581
16399
16555
16398
16434
16620
16415
2086
987
16465
852
16729
16708
16508
16412
16489
16409
16328
826
10412
16602
16466
16525
16626
16475
16531
16682
16739
16709
16555
16791
1012
16521
16711
16396
16620
16646
16755
16407
16586
16489
16541
829
1014
16483
16272
16401
16442
16682
16515
16612
16520
16770
1010
16753
16733
3902
3854
3810
16673
16789
16590
16687
16468
16768
16776
1032
1018
16669
16640
16349
16744
16644
16363
16532
16535
16433
1005
993
16267
16559
16725
16772
16771
16611
16615
16478
16595
16691
16710
16681
1002
16523
16377
16507
16565
16436
16479
16641
16554
16770
2575
16664
16730
992
16490
16627
16622
16742
16681
16761
16536
16640
16590
16744
16572
16455
16537
16734
16512
999
16326
16330
16669
16524
16761
16402
16450
16777
16670
16537
16552
16493
16533
16521
16274
16388
1015
16302
16654
16471
16500
16432
992
16637
16726
16772
16366
16597
16390
16621
16408
16438
992
1006
1012
1015
992
988
1010
986
1014
985
999
1000
1035
998
520
3080
518
508
524
522
508
510
514
508
510
1000
523
512
8371
1035
2549
512
512
513
511
521
517
518
510
508
12772
512
4128
1022
516
513
12739
9159
517
12729
523
12776
37895
10209
4081
518
4097
13094
12839
13096
13065
508
12778
13103
12910
13016
12750
844
12733
12996
828
828
515
515
1027
512
509
509
508
513
513
510
654
510
524
511
510
509
521
519
515
1028
510
16443
4120
7202
518
524
512
519
518
517
33044
16394
521
509
512
515
510
513
519
513
511
509
513
508
510
519
513
518
508
509
521
511
511
852
524
840
517
1038
515
1023
509
522
1047
1040
518
517
1039
509
508
511
510
519
515
863
876
513
511
512
520
510
510
517
523
518
1038
1038
1035
33351
16277
16437
16411
16320
16325
16281
16680
16472
16404
16350
1031
1029
524
518
8021
520
2069
522
510
510
15286
37239
509
4173
37596
2064
2067
4135
8257
32844
1041
1030
1044
1043
1525
4100
635
40934
1036
4075
1041
1273
1044
16437
4712
2611
2544
5226
518
1540
514
1549
1563
16702
516
8254
522
511
20950
518
14201
511
512
517
514
512
511
517
1545
1683
509
1032
516
20787
4655
4715
517
1530
16736
519
520
509
510
509
516
522
509
513
510
521
510
512
512
509
520
510
510
510
518
2086
8178
509
2080
2032
1049
510
524
518
2036
2068
2036
2064
524
524
513
1021
1048
1045
1044
1043
1040
2033
523
524
513
516
508
508
515
508
510
514
516
513
510
510
523
511
509
514
509
511
511
510
509
510
509
519
521
512
508
509
514
520
16342
523
508
512
511
522
524
508
510
509
511
521
509
523
514
514
517
522
522
510
512
511
514
510
521
8245
8290
