35897
35680
35722
36509
36705
35150
36210
36449
36031
35613
36285
35433
35708
35306
36264
35018
36207
36201
35140
35737
36343
35657
36729
35707
35643
36021
36268
36596
35947
35320
35977
35980
36438
35973
36467
36467
35972
36208
35668
36567
35733
35900
36681
35981
35986
35995
35990
35987
35979
35999
35987
36006
35992
36393
35610
35985
35969
35982
35993
35982
35988
35139
35245
35983
35984
35996
35870
35993
36000
36000
36018
36018
35974
35973
35935
36183
36183
36183
36183
36183
35970
36002
35975
35975
35985
36205
35401
35974
36198
35993
35977
36008
35977
36012
36064
35975
35999
35977
35984
35988
35982
35983
36185
35977
36002
35996
35995
35976
36545
35092
35811
35978
36495
36050
35982
36114
36057
35990
35996
35331
35987
35981
35188
35994
35981
35980
35987
35007
35980
35982
35973
35970
35985
35981
35973
35947
36558
36555
35710
35972
36228
36747
35231
35127
35842
36196
36192
36028
36209
36191
36186
36186
36001
36204
36001
35975
35027
35026
35062
35034
35034
35036
35015
35035
35027
35035
35026
36023
35476
35832
36136
35834
35974
35972
35988
35973
35977
36207
36206
36204
36203
36202
36201
36200
36043
36197
36186
35014
36004
35982
35205
36608
36205
36202
36180
36208
36199
36215
36199
36197
36037
36210
35978
35996
35970
35950
36208
36214
35971
35974
35689
35987
35976
35689
35691
35990
35970
35996
35022
35022
35022
35022
35900
36020
35037
36693
35386
35973
36200
36199
36198
36197
36196
36195
35016
35820
36583
36561
35112
35191
36109
35951
36605
35975
35975
36078
36075
36076
35166
35866
35019
35067
35705
35019
35972
36172
35013
35035
35982
35974
35574
36002
36008
35999
35995
36741
36405
35986
35995
35969
35971
35984
36563
35672
35684
35972
35172
35148
35644
35848
35988
35981
35982
35983
35972
35971
35029
35196
35541
36017
35977
35394
35998
35998
35980
35254
35497
36395
35950
35995
36106
36085
36109
36115
36004
35982
35995
35979
35977
35998
35985
35979
35994
35580
35388
36557
35539
35977
35316
35761
35990
35881
36581
36220
35663
36253
35990
35035
35034
35033
35033
35032
35031
35030
35030
36398
36694
35988
35986
35984
36601
35974
35626
36118
36116
36108
36087
36084
36079
36186
36185
36184
36095
36182
36194
35043
35044
35196
35193
35189
35042
35470
35879
35400
35501
36680
36627
36617
36639
35712
36211
36209
36208
36207
36198
36191
36191
36191
36191
36191
36191
36191
35996
36197
36196
36550
36181
36193
36193
36193
36193
36193
36193
36193
36193
36193
36193
36193
36193
36193
36192
36192
36192
36192
35978
35991
36090
36722
36373
36198
36182
35657
36705
36477
36499
36538
35664
36460
36552
36528
36572
36494
35319
35828
35167
35396
35772
36042
36710
35486
36386
36208
35038
35731
35972
35392
36071
36279
35997
36718
35740
35532
36137
35995
35545
36203
36186
35158
35998
36651
35016
35991
35407
35271
35996
35635
35975
36016
35988
35126
35994
35659
35024
35805
35114
35199
36541
35084
35015
35965
35668
36631
36791
35052
35317
35323
36327
35989
36026
36132
35800
36221
35871
36050
36172
36009
36552
36091
35971
36468
36289
35519
36185
36659
36608
36536
36793
36448
36334
35971
35414
35974
36195
35649
36257
35998
35256
35999
35854
36182
36629
36303
35049
36750
36198
35418
35991
36001
35228
36314
36202
36351
36610
35414
36052
35574
35539
35481
35750
35851
36177
35996
35973
36297
35850
35035
35997
35981
36000
