7185
7188
7188
7390
7174
7187
7058
7198
7232
7409
7113
7050
7176
7174
7172
7217
7197
7190
7188
7181
7027
6971
7194
7331
7190
7191
7193
7192
7196
7198
7185
7029
7380
7403
7407
7199
7181
7012
7181
7178
7217
7203
7202
7182
7210
7216
7215
7201
7171
7190
7183
7179
7178
7177
7177
7180
7179
7177
7176
7193
7181
7175
7169
7176
7176
7180
7193
7193
7203
7201
7192
7338
7285
7180
7061
7290
6987
7190
6945
6961
7184
7155
7189
6933
7181
7228
7228
7182
7205
7217
7201
7198
7198
7177
7211
7202
7174
7174
7174
7174
7174
7174
7174
7174
7174
7173
7174
7174
7401
7197
7142
7141
7141
7141
7141
7140
7141
7407
7138
7138
7138
7138
7138
7138
7137
7137
7145
7145
7145
7145
7145
7144
7136
7142
7142
7137
7137
7137
7137
7188
7188
7188
7188
7188
7188
7188
7188
7188
7188
7174
7152
7201
7201
7201
7201
7201
7201
7201
7201
7201
7201
7407
7175
7195
7195
7195
7176
7176
7176
7176
7195
7176
7176
7176
7176
7176
7176
7176
7195
7195
7195
7195
7195
7175
7175
7175
7175
7175
7175
7175
7175
7175
7213
7191
7177
7177
7178
7177
7177
7177
7177
7177
7177
7177
7189
7188
7179
7118
7398
7148
7177
7203
7116
7419
7194
7155
7156
7157
7145
7146
7146
7145
7145
7138
7138
7137
7200
7167
7166
7137
7137
7404
7137
7138
7136
7139
7114
7384
7187
7183
7200
7137
7137
7137
7136
7137
7137
7136
7135
7140
7140
7137
7137
7137
7138
7135
7134
7144
7144
7139
7139
7139
7139
7135
7134
7136
7136
7139
7140
7140
7140
7135
7136
7136
7135
7136
7136
7136
7135
7136
7195
7194
7136
7153
7136
7137
7135
7135
7136
7136
7172
7136
7137
7138
7136
7136
7140
7140
7141
7059
7434
6952
7158
7136
7136
7137
7137
7136
7069
7329
7136
7136
7136
7136
7136
7136
7178
7135
7135
7135
7135
7135
7175
7134
7135
7135
7135
7136
7135
7135
7135
7136
7137
7136
7136
7136
7135
7135
7136
7136
7135
7135
6972
7152
7162
7135
7136
7135
7136
7136
7137
7137
7136
7135
7136
7135
7136
7135
7135
7135
7136
7136
7136
7135
7136
7136
7135
7136
7087
7135
7135
7135
7136
7175
7175
7179
7201
7201
7201
7201
7201
7201
7201
7203
7193
7187
7197
7185
7182
7194
7178
7176
7205
7194
7193
7174
7211
7211
7199
7197
7171
7190
7182
7182
7208
7207
7206
7199
7197
7188
7183
7180
7195
6902
7409
7252
7402
7393
7393
7145
7409
7409
7409
7408
7408
7402
7402
7402
7390
7390
7390
7384
7390
7390
7381
7381
7381
7385
7385
7385
7390
7390
7385
7385
7385
7385
7385
7385
7394
7394
7399
7399
7407
7406
7405
7401
7400
7415
7415
7386
7386
7385
7078
7160
7156
7191
6932
7106
7384
7189
7310
7444
7322
7402
6914
7066
7004
7065
7004
6913
7285
7364
6913
7004
7164
7334
7412
7385
7385
7385
7384
7352
7111
7086
6965
7231
7221
7224
7222
7218
7213
7217
7254
7235
7233
7388
7474
7394
7341
7305
7210
7210
7206
7203
7206
6982
7203
7049
7368
7265
7372
7287
7247
7283
7243
7284
7250
7267
7245
7246
7291
7245
7414
7253
7079
7320
7146
7208
7280
7220
7282
7250
7226
7386
7386
7386
7206
7206
7327
7351
7407
7387
7394
7212
7385
7399
7213
6951
6936
7134
7218
7284
7048
7251
7275
7392
7406
7393
7407
7395
7404
7387
7405
7392
7380
7398
7101
7046
7007
7481
7233
7231
7355
7323
7230
7360
6964
7216
7226
7234
7207
7070
7339
7370
6929
7409
7399
7389
7389
7189
7340
7425
7136
7185
6916
7178
7202
7195
7186
7123
7224
7194
7185
7355
7051
7446
7186
7168
7241
7096
6928
7052
6941
7276
7180
7229
7182
7139
6970
6971
7095
7182
7188
7175
7386
7268
7134
7450
7340
7468
7253
7250
7465
7098
6912
7202
7191
7193
7183
7179
7114
6934
7240
7469
7483
7456
7418
6994
7165
7081
7261
7209
7004
6952
6933
6913
6991
7269
6920
7171
7051
7182
7168
7345
7386
7382
7184
7367
7422
7230
7274
7174
7391
7135
6941
7401
6902
6992
7415
7360
7388
7387
7387
6952
7174
7395
7177
7382
7351
7154
7033
7118
7191
7206
7172
7229
7488
7063
7016
7099
7208
7177
7181
7186
7171
7180
6930
7195
6948
6926
7306
7186
7227
7211
7030
7335
7017
7192
7009
7201
7400
7178
7174
7202
6948
7488
7344
7257
7333
7066
7449
7201
6967
7031
7339
7335
7202
6991
7201
7192
7105
6979
7484
7409
7306
6955
7400
6977
7019
6936
7368
7434
7369
7038
7058
6998
6962
6994
7061
7115
7080
7077
6939
6935
7455
7081
7069
7215
7041
7026
7076
7217
7006
6989
7191
6922
7357
7113
7107
7072
7392
7464
7141
7091
7150
6982
7355
7135
7089
7009
7179
7170
7014
7197
7490
7324
6977
7115
7055
6998
7301
6930
7380
7224
7424
6978
6946
7437
7206
7107
7214
7152
7040
7187
7180
7186
7340
7238
7315
6937
7412
7032
7182
6968
6914
7249
6923
7030
7172
7394
7235
7151
7057
7194
6962
7141
7265
7091
7394
7138
7165
7130
7191
7189
7188
7187
7186
7185
7185
7172
7172
7172
7172
7172
7172
7172
7169
7170
7169
7169
7169
7169
7169
7172
7171
7196
7194
7193
7192
7191
7049
7195
7199
7199
7187
7199
7206
7479
7044
7200
7183
7189
7269
6924
6902
7486
7189
7188
7188
7180
7191
6974
7096
7224
7231
7292
7200
7207
7175
7207
7183
7175
7125
7073
7354
6941
6915
6960
7102
7150
6925
6914
6948
7321
6973
6987
7116
6946
7292
6993
7400
7195
7112
7301
7170
7378
7388
7060
7416
7382
7331
7341
7344
7077
7426
7138
7321
7378
7288
7383
7394
7405
7378
7386
7379
7372
7383
7379
7441
7407
7385
7135
7396
7424
7177
7177
7177
7177
7177
6931
7019
7491
7003
7078
7202
6959
6924
7296
7320
7344
7391
7391
7001
7181
7324
7371
7357
7365
7307
7086
7476
6905
7157
7204
7405
6932
7397
6918
7156
7214
6981
7205
6943
7158
7158
7224
7347
7464
7037
7042
7023
7467
7039
7184
7175
7186
6903
7179
7477
6929
7372
7110
7003
7026
7399
7406
6949
7461
6957
7151
7195
7128
7145
7331
7346
6971
6923
6985
7404
7265
7285
7137
7026
7100
7320
7222
7465
7253
7160
7288
7333
7009
6902
6999
7012
7035
7022
6937
7221
6913
7023
7380
6980
7004
6979
7149
7014
7264
7199
6957
7296
7025
7002
6986
7100
7137
7323
6908
7317
7142
6947
7182
7029
7251
6923
7170
7263
7141
7142
7144
7144
7385
7025
7148
7145
7031
6974
7090
7152
7100
7426
7406
7312
7218
7363
7470
7168
7217
7484
7478
7055
7218
7211
7389
7324
7135
7102
7113
7401
7345
6902
7019
6995
6901
6945
7236
7302
7146
6949
7035
6934
6994
6973
7005
6902
6944
6909
7481
6959
7162
7033
6919
7097
7304
7417
6946
6921
7275
7055
6936
6939
6993
6966
6934
7494
7288
7464
7418
7187
7189
7189
7170
6915
7383
7312
7317
7479
6986
7125
7099
7112
7069
7037
7191
7178
7250
7309
7401
7387
7029
7190
7069
7200
7372
7449
7320
7156
7254
7143
7315
6913
6982
7134
7410
6940
7329
7428
7018
7187
7028
6949
6991
6919
7186
7231
7408
7077
7453
7387
